’---·--151---

1166611161 116661 16166 11611· vom 1611.

11616 616 1611161116 1666 611 6111111 611111 66616111 61161

Cas. 11, 5, 24 Tu istos minutos 1661 6161116611 fenoris.
66 6111161666167. 16166116 6161 11111116 61666166 611661, 666 11111 61666
6666616666111 16, 611 6116111 6666611616. 1

A. 565. QG. A. 661 1161116611.

6111. 1161611666 codd 61661 611,11616116.1.11. 1111111161 11666
set 6116661116 1611161, 11161 6116 666 66116. 1166 6611 1111 66 66166611 36616116,
6. 6. 1116 11616 66661616161616 6666666666611 11616 11161 616 6666161661
116616 61616166, 66166 6611661611, 6116111 66166161 6666 6161161666 666666
611116166666666 Aul. prol. 316111 61611111 666661, 1, 1,11 1111666611. At 11111,
16, 5, 8 Et 1611616 661, IV, 6, 12 1116 ego 16111 6161661166, 61161. Ι, 1, 15 16
1611116 miseri, 111116. 161, 16 111 16161116 61661, Ρ616. 111, 4, 13 1111 11116616
1166, Pseud. 1, 5, 87 Quia 1111161661166 161161,Π1,1,44 (G. A.) 6111661111

6111661, lv, 5, 4111 6116111111’ a 161, 1166. 1, 1, 51111 οω6166111116,11,1,4 .

1166111616116,811611.1,3,15Ρο1661166661 16166,611111.111,1,17661111- -
6111116111 16116.

6161. 1111 661 1116661 616666 16 616 6111 11616 661616 661 &um 6166
66 611 11616161 616 116616 611 1111661161, 1616 61611 611 611616 6616111 6611166
6161611116 11111 6661661661, 6611 611 6611 61611111. 111611 61661 611 6611611661
611116 61661166 11111 661111 6161166616 161111, 161611 61161 (561661 661 eum 11666
116 666 616 611 61161611 66 6166616661 616611 6166616 6116666661 161, 16111 61
16611 666111 1166, 66 161611 6116 1111666161 6616 61166161 6666116 11661 616111
’ 6616166616666 6661116, 666 1116161 6666, 166 61111116 616 61611 6666616161

66111 616161, 6611 66116 111161 6661666 611611, 6116 in 66 6116661111 61661 1111611 “

1111166161 1161611 1116611161. &a 61166 61611 6661166666 666 616161, 166
11611111, 1166. IV, 4, 82 6111116661, Most. 111, 1, 6016111111 6116, Pers. IV, 1,
6166161 61111611, 1166. lv, 3, 88 1161611516, Asin. 1, 1, 51 6111611161, Capt.
epil. 4 1611111 patrem, 6611 6666616616 1616116 61161. Pers. 1, 3, 67 166161 11111
116 11161116 161 66161161, 1111611, 4, 118 1611661 61111161 1166 1111611, 3, 53, -
161116 611 111161. flu 11. 58 6161161 161, 6116 quidem 116. 161161 11161 66611616 1161,
6666116661616666 666 611 66161111 616 1111616 161166 166116 6666166666 “
6661611161, 1611666 116616 ,116161 61666 6666.

11611 661 611 6. Α. 6611166111 111 1111611111 6111116116. 6616161666 .

6616 61661 vis 6. 1111111116 1616 1611666616 111 11616 nutricem, 611611. 666
C· P, 611 ducis 61. vis 66616, 6111116111 ere 66 611 11661Θ111111166 1116611111 11
111166 1111611161 611 6111661161 16 6661 661 61161 6166 611 1611616.

16611. Ὧ66.Α.1“1111111666,611666111161111116666 611 6161111666.

6111. 611 661611616661 codd. argumentum, 61116161 argumenta. ·

11 563. 6111611 quoium, saracenus quorum.

11. 566. 11116. A. 1111, 66166111 en.

6. 537. 611 codd. 6 me, 6661661666 11611.

11. 638 6111611 66 ,616166 661 6161 [16161 61111616 6611, 6116166111 61161166

 

