...-...,,..-...

. 1111111111. 60 1ιι 111 1111 1111111111 1111111111,1,11 111111111111111111

’ 1111 1111111111, 1111111111 111 1111111 1111111 111 1111 11111111 1111 111 1111111111

11111111111111 11111111 (1111111111 de comicis dimensionibus 1111111111 1111
11111111 111 1111111111111111 1111 (11111111 de metris comicis 11111111 111
1111111, 11111111111111 1111311111 111111, 111111 11111111 111111111111111
1111 111 111111 1111 11111111 1ιι 1111. 3111111111111111611111111.18,
6. 70). 1111111111 1111111111 11111 11111111111111111 1111111111 1ιι, untes
,1111111 11111 111111 1111111111 11 111 111111 111111 111111, 1ι 111 11111111111111
11111 1111111 11111111111111111111 11111111, 11111 1ι1 1ιι 1111111111 1111,
11111 11111 1111111111 111111 11 1111111111 111 1111111111 111111111111111111
111111 1111111111 11111111, 11111 111111 1111111111 11111111.

1111111111 nun 1111 1111111111111111111 11111111111111 1111 11111111, 111111
11 111111111111111111111111111 1111111111 11111111 1111 11111111 11111111
111111 1111111111 11111111111111 1111, 1111 111111 111 111111111111111111
· 1ιι 1ιι 11111111111111111111, 111 11 1111 auf 11111111 111 11111111 11111 11111111
1111 1111111, 111111, 11 11 1111111111 1111111111111111111111111111111

1. 11111111111111111111111111111111111111111111111111
1111111111,1111111111111111111111111111111111.

11111 111111 111111111111111111 1111111111, 1111111 1111 11 1111111111
1111· 1111111 aud) 11 ιι 11111 11111111111111111111, 1111111111111111111111
1111111111111111111111111111 11111111 1111. 11111111 111 11111111 11511111 1111111.
111161, 111 ιιιιιῐιιιιιι 1ιι, 1111111 1111111 1111111111, 1111111111 de hiatu
1. 3411111 1111111111 1111111111 1111 11111111611111111111111111111 1111
11111111 11111 11111111. 1111111 1111111111 111 111 11111111 111111 11111111

1111111111111111111111111111111 111 11111111 1111 111111 111 ιέ1ιιιι

' 11111111111111 111111 11111 ιιι 111111 11111111 11111 111

1. 111 1111111111 111 111111111111111111 ιιι 11161111 111 ιιι1 1ιι 111111 11111
1111111111 1111111111 111 11111111 ιι1 11111111111111 111111111111111111.

⁴ ' 11111. 111111111111111111111111111111111 1111111111 1111111111 1111111

1111111111 11111111 111111111111111111111111111111111 11111111 1135211111
1111111111, 626 Quod est facillumum, 1611111111111111, 11911 Is 1111111111, 31001111
. 1111111111, 813 Ρ111111111111111, 91111111111111111, 1153 Quis hic est, 11111111
ipse 11111, 31111 S6d ipse ubi 111, 383 666 adde a'd istam3 1111 1111111 1111111111
11111113111111111111,131111111118111111111111, 8781111111 111·
111111,11421111111111,3112Ει non m6lta‚ 3101011111, 111111 Eo 1111111111,1131Ειιι
sororem, 3131111111111, 1157311111111, 66118111 ιι, ’288 1111111111-
,1111111117Εηί1 111111111113011111111111111111,871111111111111111,1119111111
11111ιό1111111111111111111111111111111111917Ρ111111111111,16οΕ111111111ὀ,917
(1111111111.

11111111 1111111111 11111111 11111111 11111111 1111111111 1111 1111111111

11111111 111111. 60 11111111, 111111 ιιι1 111 1111111111111 1111111111111
1111111111, 1111111111 1111 1ιι 1111111111 11111111111111111111,1111111111
adlegatu, 296 1111111111. 675 quidem relinqui, 1111111111. 287 111111 11111

 

