----114--

unnnpprtuup 11111111111111 111 alteret, 11. 11, repperire 557 11111 759, grap
phion 111, 111111111111111 1111111111416, Hilurica 8511111 111 111 uin
1111111111 1111111111111111111 11111 111 1111 11111 111111 11111 1111111111, 111
11111 {intur 111 111 1111 111 11111111111111 1111 1111111111 111111. 1111111111
11111111 111111 111111 3111111111111, [n 1111111111 11111 1111 111 &itte 111111
1111111111 1111111111 1111111111 111111, 111 111 1111111 111 ungenitus 11111
11111111 1111. 111 11111 1111 11 S. C. 1111111111. 111111111111111 in 111111
111111 1111111111 ensentium, nesnr‚ ensnl, 11111111 111111 111 Festus Albesia scuta,
Alliesis dies, Amunses 1111 Lucereses 1111111111 111111, 11111111 111111 111 11131111
111111 1111111111111. 1848 Θ. 1128 1111111111 11111111 111, &albii 111111
1111111111 Vel. Longus p. 2237 ed. P. 11111111111111111111, Hortesia 1111111111
11111, 1111111, 11 111111 111 11111111 111 1111111111111111111111111111111111,
1111 1111 111 nereum 11111111 Κλήμης (Clemens), fliius 1111111), Οὐάλης
(Valens), Ὁρτήσιος (Hortensius). 11111111 1111111 111 11 11111111 (11111111,
1111111111 11 11111111 3111 1111111 1111111111 11111, 11 1111111 1111111111111
111111 111111 1111111, 111 11111111 111 111111111111161111 1111111111 pr
1111111. &n 111 1111111111 111111111111111111111,1111111 (1111111111111111
11111121, 43, 15), 11 1111111111 111 thensaurus 111 sinensanta, 1111 1111111
11111111 111 111111 111 1111 113111111111111111111111111 111111. (1111111111
linierunt 11111 11111111111111, 1111111111 1111111111111111, 359, 111 papa
11111111111111111111111 1111111111111311111111111, trun 1111111111 111 111 111111
1111111111111 1111 1111111 111 1111111111. 10 1111111111 thesaurum La-
tini veteres seeundum Graerns siue 11 littera preferebant, 111111ἒ1111, 111 11111111
urerentur) 1111 11111131, 511, 3 1111111111 11111111, 111111111111111 11 trinu
111.111111111111111Θ.457 1111111111 11111111 111. 1111 1111 manneus, 111
1111 1111111111 111, 111111111 11111111111111, 11111111 111 1111111111111 utura
11111111 111, 11111111 11111 111 111111111111111111 1111111111111111111111111
titum 11111111 111111, 1111111111 11111111 111111 1111111111.

11111 11111111111111111111111. 1111111111 tn 11, 1111111111 1111111111,
111 1111111111 111 111111111111111 11111111111111 11111111 11111. 31 11111
11111111 ,1111417 1111111 111111111111111. 11111111 [nutet inniterentur

1111111111 “
ᾧ Ratio quidem hercle apparet: argeutum ninhetai.
111111 3111111111 11 111 1111111111, 11111110. Α. 11111111 111, herote, 1111
1111111111 1111111111, 1111111111111111111111111, 111 niet 111 1111 1111111111
1111111113111111111, 111 111 ercle 11 1111111 11111111 111111111111. Qu 1111 a
111111 111 111 11111
Ratin quidem apparet ern sed argentum ninhetai.

1111111 1111 111111, 111 1111111111 1111111111111 11111111111111111 1111111
1111 111111 1111, 1111 1111111111 11 111111 11 111 11111111 &tetii 111 1111111 111 ’
1111111111 11 111 &tulit 111 1111111 guttenprunnen: 111111 1111111 1111111111
1111 11111111 111111111111111111111111 1111111111111111111111 11111, 1111
11111 11111111111111111111, 111 1111111111 11 111111 111111111111111, 1111111

 

