.....-111...-

maffia mog-hmsmmimmumffllwsaoumwdom
1111111,111111α1111111“11111111111111111 3111111311
11111111131111111 δο11111111111113...1111111,1,31’11111111
’ 1111111111ι1111111111111111111111111111113111111111111111113111
1111111111. 3111131313113111111111111111 111111, 3, 1411111
1111111111 1111111111, 111111 mat, 1111111111 potitur dun 1111111111 1111113
ι11111111111111111111111111111111111111111111111111111111» 3111111 1113111111

1311.11,1,313ω1111111111111111ἅ1111111111111ω1111111111111
31111111 111111 3113 11111111. 3111111113 111111111111111 111111, 1111111111
11111111 111311111311111111111111111111111111,1133133111
11111. 3110111. 11, 3, 11 1111111111 111 11111111 1111111 11111111. 1111111111

mm 111 1111111 1111111111 111111 um 111 1111 1 ut 111111 ¹

1311111 11 1111111111. 31111111 1111111 1111111111. 11 111 1113111111 11111111 1111
11111131111111111111111111111111111111111 1311111111 111 m, 111111 1111111111

“ 1111111111 1111 111111111όώ111 111 111 111 111111111111811111113 311111 1111111111

11111111, 1111 11111111 1111111 111111 111 1111111111 1111111111 31111113 1131111
1111111111. 11111 1111 1111 homo 11111111 3111111111 11 11111 11111111, 1,1, 1
1111 3111111 11111 3311111111 111 111111111111111111111 1111111311
u 1111 me 111111 111, 1113 111111 1111111111 31111111 1111 1111111111 zenae
11111 1111111111 111. Ι31111111 1111111 1111111111
wid eun 11111 homo 11111ιί11111 sihi 111 eollo 1111111111.

31 111 1111111 111111111111 111111, 111 11111 eum 11111 hono 11111111 1111111111
11111 hono 11111 ihi 111 111111, 11 111 111 111 111 1111111111 1111111113 11111 1111111

“ 1111 1111111111 11111 1111111111 11 11111131131111111111111 1111111.

111111 1111111 1111111111 111111 1111111111 1111 11111 11111 3111311111 31111
111111, 111 1111111113 111111 1131111, 1111111111 1111 3111 111 1111111111. 111111,
3, 3 nmio 11111 13;

propemodm 11111111 nafis, 11111111 111 1111111111 tranqussluque hono.
num 1111 11111111 111 1111 11111111 hono 111 we 111. 31111. 11, 3, 3111
. 3. Α. 1111111111 111 11131111, 111 111 111 3111111111 1111111111 11111111 11111
1111 11111 1111113 11 111111, 11 1111111111 1111111111 11111 311111 111111, 111111
1111 ww» 1111 1111111113-11111 111 1111 M 1111111111 11
1111111 e:

Propemodum 11111111 aas, 111111 ego 1111111 mquihque 1111.
lost. 11, 1, 1 11111 11 11111 111111
- 11111111 homo 111, 1111111111 11111111 eaput aliq-nun 1111111
m 11 111 111111 113 311113 111 11111111 111111, 1111111111 111111, 1111111111
111111111111. 111111 11111. 11, 1,1 1. 111 11111. 11 3111111 11111111 111
1111111. 113313 111 1131.
’ 3111 111111 11111111 11111 13 11111 1111111111 111 111111 1111111111 111
' 111111 11 1111111 111 11131111 111111 1111111111111 1111111111 1111111111
’1111111111111,111·11111111111111111.31131111111111113131311111
. 311113 11111111111111 3111111 11111111 11111 1111111, 111111 11111 1111

 

