ι

¹· m 005 555 ιιι unm ιιι mm, 55 555 50555 55· 550

5555 555 0555 555555 10, 0 005 05 500, 50 55 50555 00 55500100 0005055
1555 50 505 0505 55 555001οι5 mrtem 5555 5051050 501555, 5555 50 05505
Ι0500 055 50ιο 550 0555011οω5500 betoni 10 &a ·.00 5010 50050515
052, noudum 504, 5005157105051005055, eamus 1080, 5555505555 500 005-
· ιιιιι 555, duarum 1555 055 morum 51555001001055, 5050 0055 50 flues
05505 555 ι 005 500 555 555050550οι 055500 010 5005 05 5055οι5 5555
055 50 00ιο 555 sumita 50 55501555 0555550515 05005000, 50 550 55 555

- 55550 55550050 05050055οι0 555 00550055 5500500555 ,050500010550

55505 555 05551 5500 5000555 0505055 00050, 50505 5505 55055 00 555 ιι 055
ιι 0055 00500 55 055οε 510 055 00501, 55505 0555 005 0505 (5505550005
5500555 05555, um 505 005505 500 50 555 051005 05055555 0505500οῐ 5555
555 5000 55501550 005000000οι50, 055 05050055οι0, 0505550050, 0050505555
555 05505550 5555105 00, 5555 5550 505 00505, 5551055 5000 00505 55 bet
5055 05 050555 5005 5555555 055, 055 55055010, 55505 5501 015 050.. 050 51οι
05055055, 055 55 55 00 05050οι5 50555 0505550 0055, 50 050 5005 5015005
500 0505 005 00505 500 0510555 55ιο 5555 55ιο 05555005 0550, 00155 50, 50
05 555 50555000 50 00500 5515550505, 05500055 00 00005000.

0005 50500 555 00555 550505, 0 55005 50 iiber 50 0055050, 50 00 031005
505 15 5ιο 005555ιο 55050500505050 005, 550 5555555 055 55050505 115050 05
0οι0. 5500 05005 ii} 50ιο 50 0505050050 00050505 000 50050, 50 550
0000050 50 00055 050500 ii. 51, (ὅ. 53 005 550 0550000 im 5000515005 111,
Q, 157 0505555505 55 50 &tatium 0555500, 55050 (5555500000 555 05550550
5500, 505 505 5505550 00005005 00 50 siritii 555 55505055 55005555 5550.
Sd> 0055 ’00 050050 505 50 0555505, 555 mit 55555555 50 0005005050 000 eine
i 1000500000 5005 5505 5555 55 50 050 5000055 055οἰ5 5510100555 50050,

1 05 505 0555555505 550515 50 00 55 5555050550 &teile οι 5000 00 5050555ἰο50.

05 00050οι500 055 0055 505 50 500550 Ambrosianus 505 550 50500 0005005055
555005, 5550555 et 05οι5055550 0500050 00050050 00050555 055 005 50015.
050ιο005555 0οι550. 005 555 5505555 0555ίο550 0055055 55000550οι0 05
005550, 5555 555505 00000055, 0005, 005505οι0055 055 0050οΙ, 55555555 0555005
055550 5555 0505 00 55500555 im 050055 0555500 550550. {in 005550 050500,
5550 005 5550500005 50005010, 50505 00 55055 550 55οι 05555. 050 00,
505 00050050, 50 im 0050050055 510 500 codex Lipsiensis 0050505505,
050055005555100505 5050ιο 555550 05500 5000005505 0555 01055000 505,
500 05 in 505505 0505005 50, 50 0555 055050 0050 005 im 05000 55000 505οι
5550510510 0505050005. ·

00 1155500000 0055 50, 50 05 000050 005 00055000 555 05505 50050
00, 055555 5οι 550 0050550555ιο 0505050555.

05505, 550 20. 000 1854.

0. (5500555.

 

