...mn-...ffl-

399999999999.
>um 99 mit 999999, 999 99999 99, 99 999 99999999
&amittes
·9 999 bid> 99, 99 99 99999 9999 399999 999.
ad) 99999 99999999 99999999 99999999 999 999
. 999999999999.
d) 999, 9999 99 9999999 9999.
9999999999 , ,
, 999 99999999 9999999
999 99999999 999 999 999 99 bie 999999 9999,
999 99999 ιι mit ι9 99999 99999 9999 6999,
39 anem 399999 999- 999) 999 nid> 99999999 99.
¹ , 399999999999.
’9 99 99999999.
9999999999
(9999 99 99ιί9999999 939ίί9999999.
‘Dite 999 99999999 ιι 99 99 9999999999 &tut 999,
399 (99999 99 9999999, 99999 9999 9999 99 999999,
wod) 99999 999, 999 9999 999 &bt 999999 999999
9999 tt 999 9999ῐί99 9999, 9ι9ἰ id) 999 999 999
9999 999 ein 91999999 999 id) 9999999999 9999 99 999, ’
999 9999 9999 §adyta 9999 99999999 eben 9999,
Um 99 999 §usum 99 99999 999999 9999999999
9999999999
399 999999 99991 99999 99999, 999 99 999
9999 999999 9999999999 99999 ram 99 99 9999.
wod) 9999 9999 9999999 999, 99 99 9999999. .
999ῑί9999.
9999 9911 id> 999999 9999 999 9999 9999 9999999999
99 99999999 39999, 99999 999 999 9999, 999
99999999 9999, 99999 999 99999 999 999 999999
999999999999.
999 999
· &anselm
9999, 999999 id) 9999 9999 99999 999 999,
&r 9999 9999, 999 9999999, 9999 99ιί999 99999
9 999 999 99999 999 999 9999 9999 9999999 9999 · -
9999999999 99
&batte 9999 9999 99999, 99999 9999 99 999, ,
Q 99919 999 999999ι199999,ι9ι9999999 99999 999999,
M? 9 999 99999 9999 999 999 999 9999 999999
99999999

9999999 9999999999, 999 9999 9999, 99 9999, 999999

 

