'—-—-· 111 ——-—-

x 1111111111.
1111111111111 11, 1111κῢ1111
1111111111,
wod), 11111 111111, 11111 11 1111111-
(1111111111. ·
111 111 qut 11111111 1111111111ὒέ ’
8111 111 ammiel> 11111 111 111111 11111 1111111111 11111 1111111111, ·
1111111 &amelec 111 1111111 11111 1111111, . 1111
1111111111.

111 11111111
&t 111 1111, 111 11 11111 1111111. y
(1111111111.
Db 1111 [dm 1111111111,
11111111111111111111) 1111 11111 1111111111. “
1111111111.
1111111 1111 111111 111111,
11111111 &trefe 111116111111111111 11111111 &rann 111111 111.
1111111111.
11111111 11111111 1111111111 1111111.
(1111111111.
Sa! 11 1111111111) 11111 11 aud). ,
1111111111. ·
1111 111 11111 morgen 11111111ᾥ111 111 &tau 11111 11111111 1111
1111111111.
’ 11111 1111111111
11111111 1111 auf 1111111111 1111111111 1111111..
11111.

1111111111 1111111111 “ ⁵

 

