*ppo-...-

sinentibus 470 1150 505511 o 5511 515 55015202 550 423. bimur 1110 501
. “ vorut, 555, votes 550 quom n. 202 15 55555511155511555515 tot
11505155 tutto 1151105511 55 055 1551515555 1515055 015 petat 5115155 &onom ,
t . 515. 10515555 15051 mor 15 11555 550 5555511151 15 551. vet 15 5551155 ors
0556151155 5551055 111155 1115555, 511550 0151155555 11155 15 0. t 1515
&t 5555511111 055 5 0015 15 vortorit 533, mutuom 437, avos 644, salvom 181,
vivont 1075, volt 286, aequom 304, 551, quoiusmodi 500, quoius 535, quoium
533 550 051 5 115111 15 maxuma 411, maxume 672, patientissumum 541. ¹
01151 roo 55155151551111151151115 015151 05 cod. umbros. 55155 5511111515,
nisteronem 462, conlaudant 204, appositores, adsidui 203 1150 505510 inpro-
bis 277, 283, inptdsu 10, induas 205, nott 05555 conlaudant, adsidui, inpulsu
Ι550 . inhuas 551) 15 015 1515151115 1550115115 1151555515 150, tt
550555 51515
· 0551115111 0555155 150 0551515115111551115551511155 15 551555 &tid
tretonae quaequonque 436, russum 183, prosus 732 550 055 5151515555
51511151 01511555501555 tet h 15 p ror 5, 5151155515 055 6115101110 opsequ,
opsecrare, opseri, opsit, opsonare, opsignare, apstinere, apsens, apseodo‚ 1050115
oud) 15 055 51515155515550 ab, 15055 5 50551501 aps, ap 55550 ap stirpe =
15155111. 1155151551 555 015150151515151155, 55 0555 0551115555 mon 511
5555150515 35151151 15155 1555, 15 &tonte 150, 5155105155 0515155511515
0155515115 rot 055 codex Ambrosianus 15 0551115055, 1515 151 0511551505 rou
· 515 135511 1501551 5111 0511505051611115555. 55551551. 1505 555 1
5651151 est 15 05 515151 5515511555, 5555 51511 5155156505 tet perpetuetur 1
tot 005151 515 s 5015155155 11550 055 01155515 015 115155 &orat 15515511 eo
1 p. u. 15555101. 43, habiturust 207, satiust 550 opust 300, 5111511366, situst
51115 55505151551555 1515155055 111, 155. 6511551150 015 111115, 15 05555
too estruit 055 15155551550551055 1515151111, 55550151 511 51555 55055
00515555155550151, tote 5555515 841, 5115555 1611555151 1047, 11511551 1.
linitum est 565 (055510 1515111 05 0. a. 55 teo 051055151155555515511555551
551555105155515555) 550 atat 1551115 015, roo 0151 ortt 515551355115511505
, 5151511555511. 70 10555 tort 11111 5 551555 10111556 e 551), 155155 536,
itast 107. &it 150 55155115151151 55105115555511111511 tro 61151051 tre
555155601555151151511 1515555555, 0555 1555 0555511 01515 1115555 1551555
5511515 0505 tet 015156, too 05 6515105 015 81515 5151155515 055155 tortu
550 0511510 015 tuoto 1515555555 &o 111. dignust 555 651151 05 5155
35115 551 6. 31 550 itast 15 05151155 551 15. 44, 0555 55 etro 55055 155115,
td. 648, 11 ita est 5515155055, 5511 0515515105 015 01515 01551 550 01515 05105
tunes 511515 15 55115 14 1151115, tto appetententes 115155 1535115 13. 11551
suprastatuto 1151111151 01515 05551551, 05 01515 1055 50551501 pu 0505
515511511155155655556 1511 550 51511 515551 15 055 8561511, 05 551155
15551 tuot 51 obes ortt certumst 1151155, nemos 550 15511515151115515 551151
151 550 0151511555 555 05 0555511151 55555 peretto 150, 15151 11555
15 u. 1051, too 05 0155 51551501 11555511515551 01155 0551 0515 551115

 

