555 8555555555 55551555 ,55555155 55 1551555555 gum zo 15555 ῆ15851· 5555.
1, 25 255 515 ’55155 We 5555 mmmm 9555551555, 55115 offatm 555 5551555555
5555555555 551. (Ebu 5555155556αῇ 5155555555 &pt 55, 1, 53 · . .

,5555555 comitium 5555555555, quod 55555555 mm 55555555 .
Μ51555β555555156515555 commune 5553 5555558855 mmmmm&
555 5555555588 555555 meum 31⁸ 5555555555 mmmmm 155585 55, 315

. 55 5555 eoum 55555 hospite 55 praedonibus .
5855555 55555555 5555 5555558555 w 5555555 5555555555 55555555555555555. Stich.
111. 2545155588. flebtn: qmmegonuncmoee 5555 Μῶα 1151155555
M 5555 5555555 555 855555555555555551855. fflaut 555555 5555 55555555 5555 555
5555555 5555555555 5155555 manent, 55 555555 555 85555
Suo nuntium lepidum 55555555, 55555 ego Μῶα me 55555.

555555 Epid. 151, 3, 35 55555 Stich: 511, 2, 1ο 55 55 3555555 n. 8555555. 85555
5555555513, Q. 238 5555555555 55555 555 (555555οῇ55555 55555558855555 555555 5555
5556555 8585555558 555 5151855555 5555555 5155555555 55555515, 555 555 815555. 3¹1 55.

, 1816 5555555555 8555555555 555. 5. 8555555. gu 85. 38 555 138.
, 8. 35. ‘Det 8. A. 555 aad) 55555555 1855885555] quo, 555555 quod.

85. 36. Der 8. Α. bat 555555.

85. 48. 1555585555 atque 55855155 ut 55555 51555 55515515155155118) 1555555118 55555
555555558585355551855 555 8555ωὼ58555, 5555555555, 5. boman spon 555 “
55 55555. 55 Terent. p. 70.

85. 50. 1855 8. Α. bot 5515555 5555558555

83. 54. {Die codd. 58555, 855555 item.

85. 38. 155555 555555 5555 55555 55 gm 555555 5558355 555 555 5555555555 555
1555555855 8555555555 5555555555 55555555, 5555555 555555 555555 55555555 8555555515 gut
8555555555 555 quidem 5555555555. (55

85. 558 555555 qustum 5555555 umqum 551. 85 sapias qudem. ¹

51555. 11, 5, ,43 Amavi 55185555 5555555 ego 855555851555555155, .
55555 55 55555 55 8 5555155 85555, 55555 5555555555 ist 555555 55555 gu 5555555

Asin. lv, 2, 8 1555588555 5555555 58 5555555 58555 5155, quan 55 propediem

Most. 1, 3, 72 Si α51355555585535555855555555,555815555155 ptius.
11555) 55 5555555 85555555 55555 quidem 555555 555 555 &me 555 5585535555 555555

55555 55555 555 555 555555 85555 betnnt:
5111. lv, 6, 67 ornam 55151555 5158555555. lam 5555 5555 55 profecto.

. Asin. 11, 4, 76 55555 quidem 85 555555 5551555155 85555 5555555555 8555555515

·, 55551555 85 677 515 5855511555 quiam 5518555555, genus qui magum 5558555

t 5558581 81585 oham, 5555 588555555555558555555155 mmmm 8555555
' 151, mo 155555851555555, 55 .,551855555551555555 5581515585.

1 55555. 55, 2, 33 1555555 5515555155 Perpetuo 55555 dun ’8555 5518555 151,

5555 55555555 55. quidem 5155 555 5555555555 555. 5555555555 5555 55555 5555 gu 55
1111111151. ,6, 48 85 qustum 5555 5551555 ost. Vise 58 mo 55555 inm 55555.

2 555515 55, 248855588555555585555555555555511855555 : .

 

