....-.,,,....,..

Μ1111111 1111111111, niret 111111 1111111 namu. V, 2,2 nit 1111111111 Quis oves
luas 1111111111. quus husones, 11111. Ι, 5, 1 1111111111 exposuerunt 11. preses meu
expetissent, nun. ΙΙ, 1, 12 noqrre metu mossiuri 11. neque per metum mussmi
(1111. Ces. lu, 5, 31) nub 1111111111. 14 1110111 huo seduxi 1. 1111111111,
111111113111111 111 111 1111111111 11111, 111111 11 11111 111111, 11 111 1111111
111111. 211111 8111111111 1111 11111 111 1111 111 1111111111111111111111 11111.

3. 111 111 1111111111 1111111 111111 1111 111 1111111111 11191111 1111111
31111111110011 modo -·· 111111 numquis, 1119111 111 rsus — 111111 mores
- 51111, 843 Sed 11111 111 - 1111 ornatu, 844 111 domi. 3111118111·
1111 1111111111, 1111111111· 11 1111111111 1111, 1111111 1111 111111 111.

11. ,11111111111111111111 11111111111111111 111 1111161111
111 111111111111111111 1111 1111 111111 111, 11 1111111111111111
111111111111, 11111111111112011111111111,1111111101111111
11111111111111111111111111111, 2111111111111111111111,11111
seruaturus enim 111 quidem 11111111111111181111111111111
11111111111, 11111111111111111111111110111111111111111111111111
111 1111111. ’ ‘

1111111111, 111111111111111111111111 111 011111111111111111111111 .
111 111111111611111111311111 111111 11111, 1111111 11 111111 111111 111111.

811111111111.1162981111111111111111. &o 11111 1111 11111111111111111111. =

Ι, 1, 27, mundulos ΙΙΙ, 1, 13, auferas Pseud. Ι, 5, 71, ambiunt Mil. Ι, 1, 69,
11111111 Cape 111, 5, 5, neseio Rud. 111, 1, 16111111, 6, 10, 11111 11111111
unicust Cept. Ι, 2, 47, excruciavero 111, 5, 33, interduo 111, 5, 36 1111111 11111.
1111111111111111111111 111111 1111111 11111 11111111 nit 1111 111111111 11111 er
1111111111111111111111111111 null, 6, 102 nub Men. 11, 1, 28, quidpiam Troo· ι
ΙΙ, 4, 74, mensium Most. Ι, 1, 82, venerit Poen. ΙΙΙ, 4, 21, esurit Cas. IV, 2, 6
1111611111111111. 19. lin 11111 fin 111 1111111111111181111111111118111
11111 1111111111, 1111111111) 1111Ρ111. 1, 1, 2411111 eiixqui inridemini eo ei,
qui 1111111011 gaudet. ¹ ἵ ·

111 111 11111111181111111151111111111 1111111 111 81111111 1111111111 11111
11111 1111111111 111 11 111 51111111, 11111111 11 111111 1111 111 111111111111
5111111111 111 Omnium 11. 935, 111. 237, Quomodo 21. 601 nub 857, Nescio
11. 622, Strenuus 1038, 111 1111111111111101111 721, 111 nitrien 111 seriis 243

111 otio 657, 111 11110111 111 puni 314. Sur 11111111111111 5111111111 1111111111 1

111 111 1111111111. 831, gratiasque 824, otio 841 , filio 842 urob turbines 838,
11 1111111 ro 1111111111111 11111111 1111, 111111 urent 1111111111111 111
1111111 1111 ii. 954 norisne 1101111111 1111 832 dites 11. 0111111111 1111111111.
111111 81111111 111111 uo 1111, 11 111111111111143 11111111111101 11111111,
11 11111111111 quiden 111111111111111111 111111111111111111111111 1111 11111
11111111111111111111111111111 8111111111 111111 11111 11111 1111111111 111111, 11111
11 11111 1111 1111111111, 11111111111111111111111, 11111811111111111111111.
mon 1111111111, um 111 11111111 81111 11111 11 1111111, 111 1016111111 1111111111

&uruntur 11110551811010, 1032, 1057, 111 1111111111 &onor ,11 556.

 

