*ssya—.-

Μαι, simmam ωιιὶιιὴιωιι mommio]
- 1 1237111111ι11111911111111111111111,1111111.1111111111111·
11111. 1111, 913111111111111111,111111111111111111111111111111911111;

1111111111 11111111 11111, 1111 1111111218111111 11111111 111 11 1111111111. Ι

, 9119111111] toan 11111111 1111111111.

Pero.1v,o 99 Bm opinor. 1111111 opinor? 11111111 genero 1111 11111111..

1)111111.1..9,1.ἰ11111111111111111111111111111111111111111111111111.Ι .,

111111112141111111 m 1111111111 linquet, 1111111111 animos 1111111 ”

(11.1, 1711111 111 dicore. 111111 11111111, monum 1111111111 mosim.-
111 1111111111 1111111 1111111111 1111 1111111111 1111111111 911111, 1111 .

9111.Ι,1,93Η11111111111111111111111111,1111111“11111111111111η ·.

’ Poto. 11, 11, .“1 Quid obi 11111111 1111111 0111111111111 11111111. ’ . ,
11111111111111111111111111111111111, 111 1111111111 1111191111111111
1111111111 11111111 111111 Quot 1111111, 111 11111111111112111111 1111 111111
11111111 1111111111 11111 1111111111 1111 1111111111, 111 11111111 1111 11111 31111111
1111111 1111 11111111 1111111 11111 1311111 111 1111 1111111111. . .

11. 119. 2111 1111111 1ο(11.11111111111111ι111111,11111111111111111 1111111,
&mum 1111111111.

11. 113. 2111 1111111111 111 111 Mulae: 1111111 soom 1111111 11111111 ooo·
1111111 fllium, 1111 111111 11111111111111. 1111 1111111111 91111111111111111111
&ooo 111 11111111 11111111111111121111111111 1111111111 1111, 111 1111 111 1111111
1111111111111. 1111111111 111, 1111 9111111, 9, 1 91111111· 1111111111111111
1111111, hono-L 1, 11 1111111 11111 1111111111111111111111,11111.11, m
Loooo 1111111111 1111111111, 11 1111 11 1111111111 1111111111 11111 111111, not
1111111 111 11111111111111 211111111111111 911111 111 11111111- 11 11111111.
21111 11111111 ιιιιι im 1111111111121111111111 1111111 111 1111 1111 11111 1111111. &o
1. 9. 911.Π,3,.211 Τ111111. 11111 rapot pollio 1111111111 otono· ιιι hom 11111
1111111122 91111111 omont 91111 1111111111 1111111111 11111111 1111 periit. 3111
11111 111111 11111 9911111 1111111111111111 1111111111.

11 1111111 codo 11 mihi 1111111111 11111, 1111 1111111111 1111111111 noi 111111
111 111111111111111 ιιι 11111 111 11111111111111111911111 {o 1111111111 1111111
11111 mot 11 1111111 1111111, ιιιιι 1111111111 11111111 111 1111111111.

o. 121. oo codd 1111111, 1111111111 111111. .

9. 1181 11111111, 111 111 11111111 11111111111111111,111ιιιιι onom
1111111111,111111111191111111 1111111 9111111111 1111112.13111111111111111111
3111111111 1111111. uo 11111111 111111 111111 aiom 91111111111111111 911111
1111111111 1111111111, 11111111111111 9111111111 111111 111111111119112911111ι
1111111, 1111 11111 1111111111, 1111111111 ooo 111111191111111111 Moto 111, 2, a
111111111,1111,111.1111.Π, 5, 2, Meo. Π, 1, 34, Stich. 1, 9, ’111 911111111ἁ1111
11191111 111111, 111111 111,3,81111111111111111,1111111,5,29111εἰώ111111
11111,9111111.Ι,1,99 1111111111 ot 1111111,Ε11111.111,3,2191111111111111111
11111, w, 1,. 31 0111111911111. ’1111111 Ρ111.,Ι 1259111111 11111111, 1111111
¹¹42 8811111111111 11111111 . . . . .

 

