-·-·—V'--·-··

3701611 111, 928 91111111 181, 1018 §pud me, 111 11111111 999 11111 11111-
16111111, 1092 11111111 111111, 62911111 111111 693 mihi 11111111, 96611611111111111,

111 1111111111, 111 11111111, im 111111 111111 11111 1111111 111 quad ’

obiectent, 854 111 ornatu, 8791111111 11111111, 964 dedit mi ipse, 1136 <mim 111,
336 1111 687 egestatem, 917 11111111, 111111111111111911111111118101111111
tuam, 826 611111 meis, 827 1111111111, 836 1111111111, 286111111611111111111 se ex-
11111111. 11111 1111 1111111111 1111111111 11111111 9111111111 1111111111 111 111111
1111191. 58 num quidem 111111 111111 (111. 558), 61 Nanctum 1111111 111 credis,
81 Ν111161111 utumque, 1111 11011111 93. 79 66111611111111,.111111111111 1951111111 ‘
1111111111, 1603 sed 1111111, 13811111111111111111, 5771111111] 11111, 111 11111111 ·
219 11 id ni 1111111111, 481 quad adventrum 11111111204111111111 1111111111 (111.
410), 4771111111111. 11111 11111 111111 1111 11 1111 911111111111116111
1111111111 1111111. 91111 1111 111 91111111 1111111111 1111 1111111111 91111 111
11191111111111 111111111111111111, 1111 11 1111111111 61111 1111 18. 659 1111111 111-
1111111, 684 diutins 111 507 1111111111 11111111 11, 1111111111111111111111, “
111111 111119111111111111111111111 1111111, 111 11111 111 1111 9111111111 111 11111
W,fflmfflmmt
1191111111111111111111111191111111111111111111111111 1111181
1111111 11 1111111111, 111 111 1111111 11111 18111111111111111111111111111111
1111 1111111111 9111111111111111111111,111111111111111111111111111111111
111111 1111 111111 611111111111111111,1111 1111 1111111111 11111 1111111111, 1111,
11111111111111111111111111181111111111,111111111111111111111,11111
11 1111111 611111 11111 111 codex Ambrosianus 9 81 1111 1111111 111111111111
111111 1111 1111 11111111 1111111 1 1111111111 1111. 1911 11111 111111, 1111111111 11111
61111111111111, 91 164 1111111111, 1172 9111111111 111 111, 925 9111111111,’601
11111111 9561111111,19941111111111111111,98711111111111111111111111
1111111 1111111111, 111111111211111111111,1111119111111111111,11111111,
ipsus 111 11111111 1111111 11111111 11111 1 11 1111111111111111111111111,1111
91111111 111 1111, 11111 11 1111111111111111,1111111111,1111111111111111
1111 1111 111 111 11111111 1111 11111ἶ1111111. 1111111111 11 11111111 111 1111111
91111, 111 111 111111111119111, 1111111 111 1161111111911111111111 1111
8111111 1111, 1111 1111111111118111111111 111, 11191111111111111111111111

1111111111 111111 11111111116268111111, 711, 1 hac 11111111, 3 111111 ,

111111 11111, 1082 Di immortales„ 999 di 1111111, 119171111111111111111, 10671111
11111111 1111. 612, 9891, 1163 11 1111111111, 197 apud 11 est? 11111111, 6911111111 ·
11, 411 11 11111111, 573 11111111111111 91111111 9111111111 111111 1111111111
1111 1111 119 9111111111 interrogativum 9111111111 91. 711 Qua& 11111 111111111-
1111111111 111 1111 1119111111111111 1111111111, 1111 1111 1111111111 epist. 1111 1
1111 11111191111111111111 11111111 111, 11111 11111111111111111111111 aetati
1111111111, 1, 101 111111 1111111111 11111111111111 111111 911111 111111 111111
1111111111 1111”111111111111111,111 11111111111111111111111111111111111111 1
111111 1111111191 111111 1111111111, 1111181111111111 1111 1111111111 91111
1111111111, 111 1111111 11111111111911111119111111111 11111, 1. 9. 1060

 

