--—- wlffi—

11111111 1111, 1111 1111111111 111111, 1111 (11111111 11111111 111 1111111111 mil
11111111 11187-88 11111111.

111169111111111111111 1111111111111111111111111111111.

1.1171.11111111111111111.11111111111111111111,111111
11111111 1111111111 11111111111111 11111 1111 111 11 11 1111111111. 11111111
1111111 111111111111111111111111 111111, 11111 11111111 1111111 1111 1111111111
111111 1111111 Quidnam id est 11 1111111111 111 1111111111 1111 1111111.

1. 1171. 1111111 111 111 11111111111111, 1111 11111111 1111 1111111111 111111

111111 111111111111111111111111111111110111111111111111111,311 - “

111111 &filei ¹
11. 1173. 11111111 1111111 ne 11 leviorem 1111111111. 1111111111 111
11111111 1111 11111111 1111111111. ’1111111111 111 111111 1111111111 1111, 1111
1111111 1111 111 1111111 11111 111111 111 me 1111111111 1111111111, 111 11 111.
61811111 11 111111 1111111111 1111111111,171111.11,2,11111 1111111111111111.

1111111111111111111111111111111111111111111,111.111111111111111111.1.1Π. ’ ἡ

111 11111111. 1111. 187.

1. 1171111 1175 1111 111 1111111111111111.

11176.1111111.1111111116111111111111.11111111,11111111111
1111111111111111111111111111.11111111 11111111 11111. 1177 1111111
1111111111.

1. 1177 11111111 111 C. V. Foras 1111111 ila subitost propere. Acidallus 111
11111111 subitum gelulett3 propere, 111 11111111 1111111111111111111111111
1111111111 1111, 1111 11 1111111111. 11111 11 1111111111 111 codd. 11111 subito
111 1111111111 11111 111 excivit, 111 11 Guyel 1111111 111.

. 11. 1181. 1111111111. 111111111111ἰῑθη1
1. 1185. 111 1111111111 111111 Callicli, 111 11111111 1111111111 Callidis 1. 1.

Callicli, 1111, 11111111 1111111111, 1111 0111111111 11111111 (111. 1. 11111. 11 1. ·

11), 1111 111111111111111111111 1111 8111111111, 1111111, 111 1111111111 1111111.
1111 111 11111 1111111111 111 1111111111 111 11111111 1111111 1111111111,
11 111111 mall 11111 Cas. ll, 6, 17 1111111111. 111, 5, 11111111111111111. l,
5, 118 1111111111 1111111111 111111.

1. 1187. 111 1111111111 11111 1111111 11111111111111111111111. 111
1111111111 1111111111 111 1111111111 111 111111 111 111111111111111111111
11111111 1111 111 (1111111111 1111111, 111 111111 111111 ,1111 laniem. 1111111
1111111111 1111 1111111 11111111 lom 1111111111, 111 1111 1111 1111111111 11

111 111 1111111111 1111111, 1111111 111 1111, 1111111, 11111 1111 111 syllaba
111111 11111111 11111111 1111 1111111111 11111111111111111111111111111, ion· ,
1111 mit 1111 ..1111111 1111 111111111111111111. 111111 111111111111111111

Men. 1, 7, 19111111111111111, ul mihi dedisti, 1111111111 hio me 1111111.

Pseud. ll, 2, 22 1111111 annones ab 1111111111 Macedonio.

11111111, l, 22 Disperii! 11111111111111 me modi 11161. ·

11111. ll, 2, 9111111111111111. Immo 111111. Quid 11111111, Apoecides?
1111111-1111161111 11111 1111 11111 111 1111111101111, 1, 1111111111.

 

