*m*

1111111111 111 11, 1111 111111 comunt 11111 11111111 11 1111111 Μ m
1111111111, 31111111111111111111 gebim 611111111111111111111 w
11111111 11111111 11111 11111111 111 1111111111 1111011111οά1 1160111111 817, Nescio
111, ono 111, 111 111, 1111111131 111111, caculam 111. 1111 111 mutuo
111 111111111111111111 11111111 Q, 838 11111111 1111111, 11111111 ι11111111 1116 in
11111111 111111 gu 1111111 111 11111111 bat 1. 1117 111 11111111111111 eaptus 111
ι1111 aptus 1111111111.

. mn 11111111, 111, 111 111 111111 61111 1111111, 111 111 1111111 111111111111111
11111111111111111 1111111 1111111, 111, wie 1111111, 11111111111111 11111 11111111
1111 111 111111 111111 11111111, 111111 111111111111111 1111111111 (Since
11111111 11111111 11111111 1111111111. 11 111 11 11111 111111111111111111111 1111111111
11111111, 1111111 1111 1111111111 1111 1111111116111111111111 1111111, 11111 id>
11 31111 1111311111. a„ 1. D. 1111111111 1111 11111111111 111 1111 ans
11111 1111 111111 1111111 11111111 1111111 11111111 111 111111111111111 1111111
1111111111111111111111 111 111111, 111 1111, 111 111 111111 111 ι1111111111111111
11111111, 111111 1111111111 1111111111111 111111. 111111 11111111111111111111) bie
111111. 1111. 290 111 111. 31111111111111111111 1111 1111111111 1111111111,
1111111111111111111111111 1111111 111 1111111111111111 111 ’1111111111 1111111111
111, 111 111111 111111111111111111 1111111111.

- 1111 1111111111111 111 1111111111 1111111 111 11111111, 111111111111111111119
1111, 11111111111111 1111 1111111 9111111111 111 1111 111111 1111111111, 11111 ee
1111 1111111, bei 1111111 (1111111111 1111 1111111111 6111111111111111111 1111111111
11111111. 1111111111 111111 11111111 1111111111. p. chv. 111 11111111 1111111111,
111 1111111111111111111 1111111111111111, 111111, 11111111, ago, 111, 1111111111
11111111 61111 111111111111111111111 11111111 111111, 1111 111111 11111111111,
11111, midi, dico, 111111, amabo, 11111111 1111111 1111111111 11111111) 1111111111, 111
1111 111111111111111 1111 11111111 11111 111 1111111111 111 1111111111, 111111
11111111 111111 111111 61111 111111 111111, 11111111 1111111, bct ‘Balimbattbiuss 111
1111111111 1111 11111, 1111 1111 11111 11111 1111111111111111, 11111 111111 11111111
1111111111111111111, 111111111111191111111111 111111 1111111 111111 111111, 111

“ 1111111 &votthem (111111, ride 11111. 1111111 &o 1111 1111111111, 1111 ein θεῖε
111111 1111111111, 11 1111 11111 11111111111111111 111 1111 11111111, 11. 1153 1111111
&Meet 01111 1111 est, qui hue ad 1111111111, 11111111. 1077 011111 'reliqui 111,
111111 1111111111111111111111, 11111 11 11111111111111111 0111111111111. Qud)
1111111111 ben 1111111111·υὸ 11111 11 111111 11111111111111111111111111111
1111111 11111111, 11111 11111 1111111. 864 111111116111111 11111111. V, 9, 181111
ss 1111 1111111111. 11„ 1691111111111111111 1111111111, fv 11111 bem fflalimbutdjiuss
1111 1111611111 11111111 11111111111111 11111111111111 1111111111 11111111. 11111
mm 1111. 11, 2, 116, (1111. V, 4, 17, Rud. prol. 79 1111111, 4, 1411111111,
ms. 113², 111111 111 1111 11111 1111.11,3,4111111 111 1111111111 1111111111 1111
111 11111 611111 11111111 1111111111 111111 1111 111111 111 1111111111.

Mun 1111 11111111 11111111 1111 11111111 1111111111, 11 1111111 11111, 1111111111

· 1111111111111111111111111111111111111, 111111 1111161111 1111111

 

