...ΗΜ-.-

01. 1000. “ ‘me 011111. qui 0110 ss. 101 qui.

Β. 1011. 0011 01011. stultitiam, 010111101111111111111111.
Β, 1011. ’.011 codd. 1011011, &nntius 01111111.7 1
11. 1016. 0111 1111011010 01110 postqum tbmnpotust 0111101110, 1011 1111

010 1011111111 &tite 01011111 00 111111111οι0 0111111101, 011 1110 int 01111111 11
· 1000111101οζ11001111111111, 100001, 1011 1011111111, 10110100οο110 0101111111 1011011

1111111, 1111111 001111, 11 011 0101111101 011 1111101011Ι codd„ 1110 1111111111
11111 1111011111, 00110 1111110 Qun 0101011111, ’01111 10101 11111110 11111111 ¹
0111111101 (00011110 01111ζο 11 1111111101οω 0111 01111110, graecisso, 1111111110, sict ¹
11110 0111111111, 10 11101 0111 1110 1111111110 01110111 11111 1111111100 01111111 111.
0111010111 11111 11 010 111111 110 11010 0111111111 011 110110 1111101111101
1100011111 0111111111, 1101111 1111111 0111111111 11110011 01 1111110111. 1011
01111100 1110111111 111111 Qut 1111 111 01111 0111111111 1101 111111 11110 11111 101111
0111110111. 111, 1, 03 11111101 1011110111101011111101 111 11001111 0011011101
11, 10111111 mammasti, 10111111 01010111 11111111 1111010, 1011111011
00 11011 6111110011 100 1110 111 C. 1. 111110. 111111 ,1111011011 1111111011,
’11110 0111011110 1101000110110111011010, 11 01111 010111 1111 011 01111111 111
· 0110011110 0111111111 1111111 1111101011 11111 01111011101111011111· 10011110
0111 11110 1011101 1110 1011111100 1111100111 thot-motas 111111111111111, 10 ¹
010 0111111110 011 111110. 11111 11111 0000 1011110100 1101 01111 0100111111
1101101111011100101111 0110 1011111 010 tritten 111111 1111111 1111 1111111101-
1111111010 010 0311111011, 101 1111 0110 111111 1111, 1111 gutum 011011 01111100
1011110 1110. ,0111 1110111011 11110 111111111Η 11110 1110 1101101101 1111111110
111110100110111111 0101011110 1110. L 1110 0101111 1010 011 0010011111
101111 01110 01110111 111 011111111011111110 11111111 1110010111, 0111 0111111
ῦ1111 010 mm 0111 011111 011 0111111111 &otthonum 011 1111 111111 0111111111

, 0110 1110100111, 1111111011. 010 011 1111111111 01111011οι 01 0. 1010 11011

1011110101 0000101000οΐ0 1οῐ mm 100 1101110101 11111 1111 0110111111ηο
guttulam, 01 011 00011110 011 mmet 0011111110ίί0 11111 0110011101 01111110

111 1111111 11110 0101111 11110111111001011 1111011111 1111. 001. 11111111.
. 0110110. ·

Q. 1010. 1111011110010111111, 1110. 0. 0010111011, 111 11111111 110
11111100 0010111111 111. §mag 111011 111111 011 011 11001111 011 C. V. 0111110, 00111110
011111 10101110 11111110 1111111011 1111111110 111 1110101 11111 1111, 10101111 111011 ¹
011 010 01111010 101111101101101111 110 1110111111 111111, 1111 111 111111 111
1111111111 111111 0010110110, 0100 0111 1110 0111111 1011101111 1111011 11101101
1111101111 1111101 1010111 011010111111111011 111 0111 G 10 011 0111
1111111111 1111 1010111 111110 101, 0110111110100 1, 101110 0110 11. 111 111111

1001011101 11011111 1111 111111 10 circius est 01001111, 011 11011

’ 0111011010, 1110111111111,01,0011010,19111 0111110 1001110101 matt

¹ 1111111111 011110 110 1111 1111111 (circus) 11101111 11101 1111, 1111110111
1111001101 111111 10 1100101111. 10111 10010 1011111111 10111. 111 tut·
11110111 ii 111 11 111 111111111101111110 1 111 0110111111 110 0111110 0111111011 10

 

