·-·--·777·--·--

777 7777777 777 montaum 7777777777 77777, 777777 ’777 77777777 77 777ὶ
77 77 77777. 777. 717 7777777777 7777777.

77. 7777 77777 777 777777. 777 77717777777777777 77777 77777 777 777777
77777 777777 77 77777 Qut 777 7777777 77 777 ’7777777777 777 777 7777 777 777 .
77777777 77777 777777 7777777 77 777 777. 777777 777 777 m 777777 777
77777 7777777 77777777, 777 h 777 humo 7777777777 Vm 7777777777 u 7777777 77777ἰῲ

7777777777 Vtin 7777 777 77777777 777. 77777. mun· 7777777 V. 87 777777 - ’

777 77777 777. *mmmm 777 7777 77 77 77777. 777. 778 7777777777 7777777,
777 777777 777777. 777777 7777777 777, 777 7777777ωῶ77 V 7777 7777777777
7777 7 777 77777 77777777 77777 7777777777, 7777 7777 777 77777 CV 777 777 frugi 7777
77 77777 777 hominihus. 7777777 {Vi 777 7777 7777777777, 777 Ver 777777, 99⁸9
V9tVeVn 777 7777777 3777777777 7777777777 men, 77777 md> 777 777
7777 (77777777 777 7777777777 7777777777 7777777, ,7777777777 77777 7777 77777
77777 nummum 77. 77777. 7777777777 911 7777777 377777 7 = ·
Amph. 77, 7, 787 Verum 7777777 777, 7777777777 homan 771777 7777777.
Asin„ I, 3, 47 Si 777 habent, 77777 meroem 7777777 777 &cipum Vm
ι 71 Si papillam 7777777777, 777777 777 7775777777ψί7. ..
Men. V, 9, 56 Quot eras 77777 gnatus 77777 77 pm 7 777777 777777 ³
77777. 1V, 2, 77 sit 7777777777 penem, 7777777777 &hiduo 77 simul.
7777. IV, 7, 89 Neque 777 777 volum ipse profflffli, 77777 Vm ,77777 .
V, 9, 29 Nam' ego hominem hominis similiorem mvii 77777777
777 7777777777 77777 7777 7777777777
Pom IV, 213 Tenebrae, 77777777, 77777777, estur, 777777 popina. 7777777 777777
Vere. V, 2, 11 Egometmihi 777777, 7777777, aqum, agia«, 77777777. ε
777777 77, 7, 57 Quam 777777 77 qmm 7777777777 munimini, 77777777 .

7777777777 77777 aad) 7777 77777 67777 ein: V. 77777777. 91 757. Vns 777 “

77777777 7777777 7777 7777777 7777 cmc. 77, 7, 57 7777777777
Quod Vibi 777, item 77777 eme, mm 7777777 impin. ,
77. 1777 77777 77 777 codd. 777 1777 777 77 7777777777 777777 777777.

Q 77777777 G. V. 7777 911 7777779 777 77777777 7777777 fuit, 6777777777, 777 ·

7. V. tmolum, 777 77777777 7777777777 tomus. 777 77777 t 777 777 777 777777
777777 7777 77777777 7777777777 777 7777777, 77 777 77777777 777 Vena 7777. V
777 777 7770. B. 7777777777 7777 7777777777 7777777. 77777 7777 777. L. 7777. Ρ
777 777777 777 777777 777777τί7777· m 77777777 7777777777 Vn 777777 77777 ·
7777777 777 Ques 7777777 911 7777, 777 7777 77777777 777 7777 77777 777777
7777777 777 {Vm 777777 77777 7777 77777 777 ruit 77 ,7777 we 7777777777 7777, ·
777 77777777 7777777777 777 77777 'Mn-umis fuit, 77777777 777 7777777777 777 77777

f 77777777 7777777777 7777777 7777 7777777777 777 7777777 aba 77777, 777 my
777 777 &nun Truchus 7777 77777777 7777777 777, 777 777 Me 777 7777777 77

t 7777 7777 7777 7777777 7777777777 7777777777 7777777 7777 Vm: 77 Qu
777777 777 77777 777, 777 777777 7777777777 777 Phryx, 777. 777. 7777. 487 7677, Quina·
14 15 777 7777 7777777 77777 77777 7777 7777 ’7777777777 7777 77 Polluces
77777. 77, 7, 53 77777, Vn 77777777 7777 77 7777777777, 777 heum 7777777777

 

