‘mm-*-

. 6116. Ι,1, 616111.11161.1666.146 1111111111, 1, 116 6116.16.6.2616.146
3 ΙΙ, 2, 16 5 s 616 5 Ι166 5 5 ΙΙΙ, 1, 146 5 111 5 116

ι ΙΙ,2, 66 5 51615146,55111,2,11 56663166

ι ΙΙΙ,4,165 51665166 samm 5165126

’ 1 1111125 56645161 summ 36115166
1166161116. prol. 11 5 ι 666 5 166 5 3 11, 6, 16 5 6615166

ι Ι,2,163 3 664166 13116, 62 ι ι 6163161

3 Ι,2, 66 5 ι 1115116 5 5 11, 6, 46 Ι3 6165161

3 Ι,2,465 56663161 enimn 315121

3 1,6, 24 5 5 6145162 51111, 1 51665161
,ΠΑΜΜΜΕἯ Μ1116 amam

ι ΙΙΙ,2, 626611. 1661. 614 ὅ. 111 3 1,1, 66 3 666 1111

3 11,2,66 5 5 165126 3 Ι,1, 61 36645161
3 v,1‚ 6 5 5 1615141 a Ι,6, 66 31115116
ε 11, 29 3 s 112 5 164 11, 1, 1 3 611 5 161
5 1, 2, 46 5 3 621 5 161 ΙΙ, 1, 6 5 1624 5 161
3 11166 5 5 641 5 166 ΙΙ, 1, 11 3 116 5161
3 1,6,111 ε a 111 5 116 ,11,1, 11 ι 1615166
ι 113 ss wsw4 111 imsm
ε ῃΛειι mam 111 2 amm
ΙΙ, 1, 62 5 5 166 5 146 112, 12 5 612 5 161
11, Ι, 66 5 5 166 3 166
’111,46 5 3 665166
11,1, 46 5 5 1615116

mle 3 51125161

1,1,6 , 36145141
1,1,·6 11665146
mat swam
msto smssm

5
5
5
5
Ι
5
111, 43 51125164 3 ΙΙΙ,Ι,116 ε1665141’
5
5
5
5
5
5

11, 6, 16 5 5’ 166 ¹ 146 . 1,1, 16 5 111 5116
11,6, 16 2 3 66 3 166 Peru. Ι,1, 41 u 6 5 111 ,
111, ι eam ς 111 ,ωιωῗ
ΙΙ, 4, 16 3 5 1665 161 Ι,2, 21 5 16 5111
111,2,16.3 11865146
111,6, 65 3 163128
lv, 1, 11 5 5. 426 5 161
lm, 6 5 5 1125 164 112, 16 5 5 666 5116
12, 665 5 6643166, · 11,6, 6 3

5

ς 13, 19 'z 5 61115

5

5

5

Ι
ν,131 swam ε 111

Ι

5

Ι

5

5

ί

5

mzwfflmaemu
¹22· ¹⁹ 616161116111 6116

115, ,ωιω 111
1113 amam 111ι
11η
111

111

11,2,665 56665166Ι
11,2,1613 3 6615166
mlle 5 3 6145 161
11,,645 36615111 1,2,465
116113 s 1615146 mbo.
11,6,46 5 ι 11131116 ι v‚2, 61 .
-11,4, 16 6161111669 ἓ. 121 . 1,1, 16 3
ι 113Μ16Μ6Μ ΗΛ65ε
ι 111,,116 ι s 1115111 ’ ..Ι,2,166
a 111, 1, 24 5 1 1113 111 ι 16, 26
ι 1111, 62 5 5 1125 164 s ·ΙΙΙ, 1, 66
ι 111, 1, 10 5 5 6165 111 111, 6, 66 5
· a 111, 1, 61 ¹ ⁵ 1115111 lv, 1, 6

 

