----tttt---

1111, 11111111111111111111 1111111111, 11111111 111111 11 1111111111111
1111111111 cccccccccc 11111111 1111111. ·

1111 111111111111111111111111111 111111, 11 1111111111 111 1111111111 tos
111111 1111111111 111 1111 1111111 111 111111111111 11 11111 11111, 11111 11
' 11111, 111111111111111111, 11111111, 111 1111111111 1111111111 11111111 11
111111 11111 111 111111, 111 11 61111111 111 11 1111111111 111 codex otto
1111111111. 1168, 1111 11111111 praef. in' Tn'n. p. XLI 11111111, 111 (1111111111
1111111111, 111 1111111 11111111 111 11 1111111111 11111, 1111 111 11111
11111111, 111 tt 111 1111111111111 1111111 11111 111. 1111 11111111 111111
Recitator calliopas, 11111111111111111 1111. 1191 1111111111, 1111111111
11111 111 1111111111, 11 tio> 111 1111111111111111111111 1111 11111, ct, 11111
1111111 111111 11111, 111 111 tt 111 11111111111111111111111 111 coitiopioe

’ 11111, 11111 1111111111 111 ‹odcx ottobonianus mit hemiolion 111111 1111 tice

1111 11611111 111 11111111 111111, 1111111 1511111111 111 11111111111 111111
1111 1111111111 11111111 111111 1111111 11111 1111111111, toci) {circinatione 111
111111 111 11111 ticino 11111111, 111111 111111111111111111111111 111
11111111 1111 11111111 111111 1111111111 111, 11 1111 1111 111111 1111111111, 11111
11111 tu 11111111. 1111 111111 [11111111111111111111111111111, 1111
1111111 113111 111 Appuleius 111111 11111 1111 -1111 1111111 111 1111111111
1111111 111 igitur, 111 111111. 158 11111111111111 11111111- 111111 111 1111
11111, 11111111 1111111111 1111111111 111. 651, 11111 11111111 111 111
1111111, 11 11111 1111111 11 111 11111111 (11111111 11111111 111111111111111.

1111111111 111111111111111 1111111111, 11 1111111111 codex Vetus 111
Camerarius, 111, 1111111 11111111, 111 11. 1111111111 11111111111111111 11
111111 1111111 11111 tocco 11111111 1111 codex Ambrosianus. 3111 111 11111111)
11111111 1111111111111 1111111111, 1111111 1111111 111111 &teuto 111111 1111
111 11 1111 11111 111 11111111 11111, 111111 otto> 11111 611111, 1111111111) 111
111 Cistellaria 111 Casino, 1111111, 1111111111 codex Ambrosianus 1111111111 accinat.
111111 11111111 1111111111, 11111111 111 Mostellaria 11111, 1111111111 111 1111
111111 111111 111 11111 111111 11611111 11 1111 11111111, 11111 11 codex
Arnhrosianus 11111111 111111. ittae 111 111 111111, 11 1111111111111111111111
111111111111111 11 11111111 11111111 11 1111111111 111111 1111 1111111111,
111 11 11111111 111111111111111111, ott 111 1111 1111111111 1111111111 11111,
11111 1111111111) occi) 1111111111111111111 1111111111111111111111111,
111111111111111111111 11111111 1111111, 111111 11111 11111111111111 11111,
111 1111111111111111111111 111111 1111111111. 111111 1111111111111111111
111111111111 11111111. 1111111111 obet 111 1113111 111111111111111
11· 1111 111 11311111 111 1111111111111111, 111 111 111 1111111111 111
11111111 1111111 1111 111111111111111 1111, 1111111 111-11111111, 111111 11
11111 111111 1111111111, 111 1111111111 611111 111 111 11111111 11111111 1111
11111111, 1111111 ciacc 111 111111 11111 11 1111111111 111 11111 11111 1111111
111111, tta 111 1111111111111111111111111111 11 1111111 11111

111111 1111 111 111 1111111111, 111111 111111111111111111111111

 

