-ι--π-η

Ι 1111,11111111111111111111,13111,1111111111111111111,31811,11111111
Ι 11111111, 1 1111, 11 quae 1111111111. 1111111 1111111 11111111 611111, 11 11111 ¹
11111111, 111 611111111111(111.111 1111 enixe, 7111 1111 11111111, 1118 11111 1

111111111111111 111 1111111111 11111, 11111111111111111, 1111111111, sona
1111111111 111 111111 1111111111 111111.
11111 111111 11111 11111111 111 1111 1111 1111111111 Quot, 111 111 11111111
1111 111 111 111 111111 11111 11111111 11111111 1111 1111111111 11111111
1111111111 1111 1111111 11111111111111, 11111111. 1111111111 1111111
111 111111 111111 111 11111111 11111111, 111 11111 111 111111111111111111111
111 11 1111111111111 1111111111 1111111111 111 111 1111111111 1111111111, 11
111 111111111111111 1111161111111111 1111, 111 111 1111111111 1111 11111111
111 1111111111 1111111111 111111, 11 1111111 1111111111 1111111 11111111 1111.
11 1111 111 11111111 111 1111 11111 111 1111111 11111111111111111111111111
· 11111111. 11111, 4, 38 11111 11111111 111 111 11111111 1141111111111Ν,4,1
1111111111 illic 111, Mil. 1, 1, 22 111111 illic 1111 Cum. Π, 2, 24 Qui 11111 fist? 11111.
11, 2, 41 &n 11111111. 11 1111111 11 1111 1111111111 11 111 11111111 111
1111111111. 1111 11111 1111111 1111 1111111111 111111 111111 1111111 1111 11111
111111111111111 11111111 1111 111111, 11 1111111 11111111 1111111111 1111
111111 1111111111 111111 11 1111 1111111111 1111111111. 311 11111 11111111
111111 1111111 111 1111111111, 111 11111 111 111 (1111111111 111 111111 111111,
111111111111111111, 111111 11111111 1111 1111111111 1111111111 stuc 111111 111,
1111 111 1111111 gum 111111 p. 197 1111111111 1111, 11111 111111, 111 istuc
1111111111111111111111 1111, 11 11111111· 111111 stuc 111 11111111 11 1111. 11111
1111 1111 11, 111 11 111 illic 1111111111 1111 11111 gegeben 1111, 111141 11111111, 11
· 1111111 1111 11 tinem 111 111 111, quam 111 111, 11111111 111 11111111 111111
111111 11111111, 111 1111111111 11 quid 1111 est 11111111 11111. 111111 1111111
1111111111 11111111 111 11 11111111 111111 1111111111 1111, 111111 111111
11111. 11 13. 894 1111111111. 311 11111111 111 11111 11111111 1111 1111111, 111
111111 111111 113111111111111 111 sera 1. questa 11111111.
⁸ 2. 11 11111111 1111111 11111111 1111111111 1111111111 11 11111 1111111
111 1111111111 611111 111111 1111 11 Q. 251 0111111111, 281 111111 111111 111111 111
ford, 2861111111 11111111, 268 1111111111, 214 1111111111 1111, 218 111111 se
,1111111111 111 111111 1111111 111 11111111 111 1111111111 11111111 11 1111111111
’ ⁸ 111111 111 Qud 1111111111. 11111 1111 111 111 1111111111 1111111111 111111
1111, 1111 11141 111111 11. 11 1111111111111111111111 11111 111111
ffieifpiel 111112111111 Q. 231 111 111 111 obsequi, 1111 1111111111 11111111.Β.111111.
11, 1, 22 111 11111· sum - 111111 11, Most. 1, 2, 4111111 1111111111, 1, 2, 40
substruunt 1111111111, lv, 1, 12 11 1111111 verberari, 11111. V, 2, 10 1111111111
1111
1111 1111111 111 11111 1111111 1111111111111 11111 11111 11 111 (11111111
11111111, 111 1111111111 1111 1111111 1111 1111111111111111111111111111
111111 11111111 11111, 111111111111111 1111111111 11 111111 1111111 111111
11111, 1111111111111111111111, 11 11 11111111111111111111111 111111

 

