0551510511 bet 5055501505 &teum

m

115110. 111 2,11Ιιιιιι. M. iffi §.139 Cupi. 11,1,100001001116 110

151555. 1,,1 21 5 510015102 11,1, 10 5 5 105100

5 111, 0 5 51115111 5 112,11 5 5 1115 110

5 112, 0 5 5 0015 100 ’5 112, 01 5 5 0115 1οΙ λ

5 112, 22 5 5 0015100 5 11, 0, 00 5 5 150 5 100, s

5 1, 2, 00 5 5 021 5 101 5 1111, 10 5 5 100 5 100

1011. 11, 0 5 5 05 120 5 111, 1, 21 5 5 1005 110 ὶ

5 111, 12 000515 Q. 111 5 111,1, 00 5 5 021 5 101

5 11, 1, 11 5 5 111 5 111, 1, 02 5 5 111 5 111

5 112, 0100141110010100 5 111, 1, 00 5 5 1115 110

5 110, 10 5 5 100 5 100 ”5 1111, 10 5 5 111 5 111

5 111, 1, 0 5 5 1005 100 111, 1, 01 5 5, 0105 100

5 11, 1, 10 5 fu 1125 101 111,1, 01 5 5 ’1005 110
11,1,· 20 5 5 111 5 110 1110, 1 5 5. 0115 102

5 11,10205055050.11
5 11, 0, 0150010010οᾰ 100
⁵ 118, 10 *w 0005100 11,2,015 5 0015101
12,10 5 5 05120 5 11115 51115110
5 mmo 5 5 0115102 5 111, 25 51005110
5 11,0,10 5 5·1005110 5 11115 5 0015101 .
5 110, 10 5 5 105100 Cu. . 11,0, 12 5 5 1805111 ““
5 11,0,10 5 51015100 5 110, 115 511005101 Α
5 mmo· 55555155 5 5511155 5555555155 ’
5 11,1, 05 51005100 5 11,0, 05 5 05120
5 11,1,- 10 5 5 0125100 5 11, 05 5 0105100 ·
11,1, 12 5 5 2105 110 0111511. 1,2,11 5 5 1125101·
11,1, 10“5 5 1115111 5 111, 21 5 5 Ι1115111·
11, 0, 0 5 5 1005100 5 11, 1, 00 5 511015100
11,0, 20 5 5 0125100 05555. 1111 5 5, 05120·
5 11,0,105 5 0005100 5 1οι2 5 51115110
5 111005 5 105100 5 1,0,11 5 5 Ι0015 101
11,0, 205 50005 100 5 110, 11 5 5 51115 110
1111» 11120 5 5100100 5 11,0, 00 5 5 0001103

1301

112, 0 5 5 1115110
1112,οθ 5 50125100

5
0
l

5 11,1,105 5 05110 5 111005 51005100
ί
ί
ί

 

