11811111111111111111. 11, 1, 1111111ω1111ή111111111111111111111
1111111111 111111111111111111111111111111111111111111111111111111111

11111111111Μ1111111111111μ11111111,111111111ω11111111ύ1 folgmmwnbt =

’ 111111. 111111111111111111111111111,11111111111111,11111111111111111 ’
111, 11 1111111111 111111, 111-1111111111111 amm» 1111111111 11111111 11111 ·

1811. 1111 codd. 1111 1. 11. Θ. 1111111111. 111 11. 165.

11811. 111 1111111111111111111111111. = *1 κ

111111. 111 11111. ηιμ. 11111 11111111 11Ι oo 1111111111, 11111111
1111111111111111 ¹

11111 111111 111 codd. ilhelmo 1111 1111111 111111111εῲ11 111 111111 1111.
111 111111 111111 1111111111111111 11111111, 1111111 1111111111, 11111111 11 11111
1111111111 1111111 111111 Panda l, 3, 111 1111111111 1111111 111, 111111 mit 11111 111111
1111111111 1111 1111 111 8111111111 1111111111. 11111111 1111 111111 1111111 611111, ν
111111 111111 ’1111 Eo 11111 1111111111, 1111 1111 1111111111 1111 111111 et 11111 111
1111 1111111111 1111111 61111 1111111111 11111 1111 11111 1111111111 beginnen 11111111.
11111111 1111111 111111 111111) 111111, 11, 18 1111 homo 1111 11111111111111, 1111111. Π,
1, 11 11111111 111. ut 1111111111, 1111. 11, 1, 1 111 11111111 1111111111χ
, 11, 2, mio 11111111 socinum 11111111 rem, 1111. 11, 28 1111111111 hom 11111111
11111111111111111 1. 1111 11111111 111111), Cape. v, 1, 11 1111 11111111 ro·
cit: 1111111111 111Ι Alide 111111111111111 (111111 1111111111 111111111Μ 11111 (flu
11111111), Men. 1, 2, 161111 11111111 11 11111111111111, uu. 11, 2, 1111 Nam 111111
Philocomasii 1111111, Pseud. ΙΙ, 1, 1 Di immortales, conservavit 1111 111 homo
1111111111 sno, 11111. lv, 4, 11 1111111111 1111 Vir 1111111111 111 111. 1111111111
tihi? 1111111111. 19 Et 1111111111 11111111, qui egreditur foras. 311 111111 1111111

, 1111111 11111 11111 11111111111111111,111 111111111111111111111111111111 1111 11111 , ¹

11111 11111111, 111 auf 1111111111 1111111111 1111, 11 1111 hio 1111 &nne 1111111111
1111111111111, 111 illio, 1111 111111111111111 111111 Ι1111111111111111111111
1111111111. 1111111 1111111 11111 1111111111111111111 1111 illm 11111 huo, 1111111111.
111551111111111111 1111111111 111111 11111111111111111,11111111111111111 M
his, 1111, 1111 11 1111 11111111, 1111 111111 11111· 111111, 11111111 111 1111111111 1111.
01111111 111111111111111111111111111111111111111. « ·

11111. 1111 11111. 111111,111111111111. ·1111111111111111)11111111111111111.
w‚‚‚.‚‚,.‚‚‚,‚.1iocaptlv25ol>ueudlv740440s41v272 .

11811. 11111111,11111111111.11111111111,11111111111 611111 1111 11111111
1111 ·
⁹3. 811 1111111111 111 quem 11111 1111111111 11111111 11111 1111111111 11111
qui 11111 1111111 111 codd. 111111 1111111111.. »

11 m mie 11111, rogitas, 1111111111111111. -- 111111 11111, 11111 1111111111
1111. 111 Q 1111 1111 1111111111111 111 nescio 111111 111111, 111111 1111 1111111 111
111111 we 11111 111 111111 11111111 111111111111111111,111 1111111111 111 1111 11111

1111111111 1111111111 1111ῆῷ11111 11111, 111111 1111111111111111111111111111111
1111 11111 11111 11111 1111111111. · -
11111111111111111111111.11111111111111111. 0111 1111111111 81111111· λ ’

 

