*mk—nnn·—

1111. m} gt 1111111181οἏ 1111 1111 110, 110 01111118. 00. 110 ·
1 V, 1 1

1 0,0, 4

111 1111 2
11, 11 .

1, 0, 110
1 1, 0, 110
ι 1, 0, 144
10, 141
10, 140

³ 10, 80
¹ 10118
’ 103» 1
1 114, 11
1 11, 1, 44

11, 2, 00
1 11, 1, 21
, a 111, 40

11, 1, 111Ι

1 11, 1, 03
prol. 10
14, ⁸

3
3
3
3
3

3
3
3
3
3
3
3
3
3

3

3

2101 143
824 1 181
200 f 140
000 1 101

s 0801100

101 1 141
111 1 110
804 1 180

3
3
3
3
3
3
3
3

840 Ι1 188 s
1, 11158 0111101011.
1 11, 11 0111111110. 008 Q. 160

1180 1 101

,18041180

3
3
3
3
3
3
3
3
3

804 1 180
080 c 100
820 1 182
240 11140
812 1 180
080 a 100
101 a 141

Stich

,1181111 ι

3
3
3
3
3
3
3
3
3

8041180 ¹

821 1 181

¹ 10,Ι 1 0010010111.
⁵ 110, 18 1011111110. 60110 1111111. 111 0
821 1 181 1 110, 01
804 1 180 1 111, 1, 1 .
200 1 100 1 11, 0, 2
1 080 1 180 11111101. 11, 08
1180 1 101 1 a v,6, 1

2 11, 1, 11
¹ 111111
1111111

, 1111, 11
ι 111, 1, 11
, 1111, 11
¹ 111, 11
111, 11
111, 11
111, 11

3
3
3
3
3
3
3
3
3
3

3
3
3

3
3
3
3
3

802 s 104

111 11
11, 1, 11
11, 1, 111
11, 11, 1
11, 1,, 11
11, 10

1111 2

11 111

11, 1 .

1212

33
33

3
3 3
3
3

12,οι

10, 10

11, 1, 1·

11, 1, 11
111, 1, 11
11, 1, 11
11, 1, 11
11, 1, 11

804 s 180
101 1 141
10 1 128
111 1 110
10 1 128
804 1 181

1 00οι1 101

000 1 101

1 080 1 100

111 1 110
128 1 110
420 1 101
10 1 130

s 821 1 181

080 s 103
111 1 110

, 111 1 110

lm, 4 1

11, 1, 11
111, 11
111, 11
11, 1
11 11

821 1 181
180 1 140

1 111 1 111

11181111. 1,1, 02 1
1111111 ,1 1 111, 1
111 1 111 ,1111111111 11

111 s 110 11111111111101111-
111 1 110 nli· .....

3 3

821 1 181
801 1 184
824 1 180
111 1 110
111 1 111
112 1 134
801 1 184
801 1 184
180 1 100
0 1 120
100 1 108
0 e 120
200 1 100

002 1 100

 

