—-- 111—-

31111111111111111111 mmm. &o Μ 11111 1111 1111111111 3111111111111111
Μα1111111111611111111,111311 31111 111 1111111111 1111 1111131111
11111 11111111 mh. 1, 111111. ιι, 11, mn. prol. 2; 1, 1, 11. 1111
1111 Amph. 111, 4, 5, uere, 111, 1, 34, Asin. 111, 3, 471 1111 Ρ111. IV, 3, 511
mua Truc. 11, 3, ι1; nempe ιιιι. ιιι, a, 111 1, 11, Aa. 1, 111, 111111, ¹
4, 111 1111111111. 111, 4, 83, 1111. 11, 4, 14. Δ111111111111111111111111111111111
Memnon Pnd. 1, 6, 37 11111 11ι mimo. Pon. 1, 3, 10 Perque 11111 ⁴
1111111. Tmo. 1, 3, 31 Si 1111 111, 111111. such. V, 1, 8 1111111 1111111111.
Poen. prol. 75 Mt hdnpitflm V, 1, 81 Siquidem 1111111111.111..11,6,16
Nescio 11 me 1ιι hdo audiveris 11111 1111 111111111111111 mern 11111 11, 11711-
11111111 mihi 111111 his. 0111 111, 3, 76 Commu& 1111111111. Tmo. 1, 3, 31 11111111
111111111111. aad, lv, 3, 7 ambi· 1111 adio. Poen. V, 6, menium venire.
ιιιι. ι, 1, 11 11111 111 hinc prope 11111 (mn 111 1111111111 1111111
, 5 1111111111111111 1111111111 1111111111, 1111111111) 3111111111111111111111 ι

111), 11 11111111 11111 11, 1111 111 6111111 116 11111 Qum& 1111111111 111111
1116 11111 1111111 1111111111 11111 1111 3111 1111 111 1111111 31111 111 11111111 11111
1111111111 1111 ιιι. ιι, ι, 1 m, qui mm (1 mnus). 111. ι1, 1, 11
1111111111 praetectum 111· 1111111111). 1111111, 1, 37 Filias quam 11111111 1113111111
Poen. proL 65 11111111111111111111.111111111). 1111111111 1111111111 11111 611111
1111111111, 111 111 codd„ 1111111 nisi id 11111111 tuit 1111111 1111111111111111111111
“ 11111111111111111111111111111111111 et ni apparent„ 31111111111111111111
1111111111 1111111111 11111 111111 11111 1111 11111 ni 11111111 ,11111ήὼ111

11. 111-131 1111 1111111111 3111111111, 3133 1111 mim. ,

111111 qtbm 111 111111.131111111111111 111111111111, 1111 111) 1111111111
1111111 111111. 1111111111 11111 1111 1111111111, 61111111 1111111111 (111111111111
1111111, 111 11111111 111111 1111111, coquere, 1111 11 ipsum 11111111 11111111 11111111 13111111
11111 111111 111. 1111111111111111, 1111111 11111111 11111 1111111 1111 1111111
1111111111 111, 11111111 1111111111 111 1111 111111. 111111161111111111111113111. 1111
1111113111 11111111 1111 111 1111111111 1111111111111 111 1111, 111 11111111111111
911111 111111) 1111111111, 1111111111 111-1111111111 1111111111.

ffl- 22⁷. 1111 codd. geben: Magister mihi 1111111111 animus 1111111 111. &fi
1111 11111 111111 1111 magistu· 111 1111 1111111 gegeben, 1111 1111 111111111111111111
1111111 111111 111111 111. 11111111111111 ,111111111111111111 exercitur 1111111
1111191111, 11111111 1111111111 11111. 111111 1111111111 1. 111 111111. 11136.

111. 331 1111111111 codd. 1111111111 an 111 1111111111 patim par 111. 1111111111
1111 111111 111, 371 p. 161 1111 11311111111111111 1111111 11111111, 1111111
’1111111111 111111 1111111131111111111 1111111111, 111 1111111111 11111 1111111111
1111111 111111 111 1111111111. Sd> 11111 111111 1119111111 11111 11111111 1111111111.

3136 11111 1111111111) 1111111111 dim. 1111111111 11111. 1111111111, 1111111
3111111111 111111 3111111116 111 111116 11111111 111 11111111 1111111111 111111Ι 31111111. Sd)
1111111, 11111 1111 aa monum. anapaesticus 111, 11111 (11111111, 1111111 111 1111111111
3111111116. 1, 3, 14 111 1111 Quaen 111111 111 minoret 1111111111, 11111111 111

11111 11111111111111 1111.

 

