-n-——ffl--v--ffl‘

11. 647. 6116 6666. 611 virtuti, 61666666 6161611 611, - .. · ·
. 16. 664. 1116 6666. 1116611. 66166116 6616661616 6616611661 1611 161116 6666

1661661666 6111111 16616166, 161611 616 61666161611161661116111161116 6616111666 pu
16611661 6666 616 6666611166 ex 661 16161 61616166 6166611666 1616 16 1166111611 llud.
616115. 6161 6. L. 666 6. Ρ. 116666 ex 116616 1666, 1666 6166661 66161661 “
1161166 661 6166116666 666 6166661616 6611166666 11. ..60 66666 616 6161111666
61. 11 11116 mihi 666 11. tu ape-mihimet, 326 si tu 1166 nevis 11. nisi 111666 vis,
341 animus 11. an minus, 2211 661 C. L. veram 6. 611666, 661. 616 616111. 6. 61. 16.

61657. 62166666.116616616166116661161616166. ' ·

21. 658. 66 11616166611611611161161, 661616 666611 summas 61666 gratias
666 11166116161161161111, 616 666 16161116 6611161666 16611166, 16611666 661 61161161,
16661 16611661 61616616 611611 6,661111 summam 66666 gratiam 6116616661 116666 1611666,
6616 6..61616 6661. 15

111 669- 661 1166 666616161661668-612 66116116616661616 6666 116666
616 um 66166116 16166.

21. 659 616 6666 66661166 16661 ιιι66ιιιιοιιι, 6166 66166666, 666111 616 666
666616161616116166166661111666616666666166161111111116116. 11116616Ἆ1616116--
genium ingenuom tuum admodum 6611111116 en. 5655 6611 66661616666 111 6611666

11166 666161, 161166 611 6611111616 661111, 166 61661 66111616166666116 666 61616 bv , -

16116166, 16 661 6166. 61111666 6666111111 616 6161616166616661616666661
66116 66161666 Most. 11, 1, 26 16 6616 63666666 6666 61616166, 1666. 111, 2, 16
1666666661, 1616 {cp 6666 61611 61661116, 661 16116 1161611, 2, 19 1166 11661. V,
13 Quid est rei 666 11616.ΙΙ,4,’19 16 unde erit 611 1611616111 1161. 311 1116111616
1166166 16166611 16116 1666 1116 eud) betunen 166666 Mero. 111, 4, 43 661ιί in manu
161 (66611666 mea 666 1161116 6611166611), 16161. 11, 2, 4611 611666, 11, 4, 44
116661 61666, Bacch. 1, 2, 61 166, 66 1666, Cure. V, 3, 63 666161666111616. 1,
616 rie est 0p1'1s‚ Aul. lv. 10, 44 166 61111661, 61666. V, 2, 31 11116 2, 71 616 11166,
11661, 2, 11 Οιιὲιιι inlocum a1'1t quam ob 1661, 66166161 Pers. lv. 4, 66 6661
hospiti. 61661 661116 166 16116 (66166 61666 61611116 161666 6661166 16661661 1161166
66166616616161116616161, 1616611161 11, 2, 84 1616616161
Hodie quin 1661661116 num quae caussa 6611 Immo 666661 optume.

66116 66, 16666 61666166611116111616163616616161611666161111, 616111 166161
1661611616 66616 666 616661 61111, 2, 96 6616666161166166111616611666 66666
1111 1161, 166 616 66666. ut 666661

11. 664 1611116 11666.161616616116666666666166611661 quod suadetur,
6166166661616111166611611.. ,

61. 665. 65 6666. 6666111166. 161. 6 11166. 166. 6661 1116 61161111 661
61616616661616161 661661 666 66116161 1661666 1166, 61666616666161111616666
, ¹¹¹ 6 465 6661111661, 1666661666611, 66166166, 6161166616666161.11,2,3
ιιιῃ11166116611611116,611161611661666,161661611161611661616166616 666 1616 1611116

11161616, 1616 66 1611166616161611616661666661166116611611666666, 66666616
1116 61166 6111111116 666166166666111. 16166 36116611 66111666, 661 6161111661
11116 6661166 156 166Ι 16 1116116 6111611111 611111 666 1161 161611, 1666 616 11116 6661 161

 

