-------111-----Ι

quum 11111111 111-11111111, 111 seium 1111111111 demi iiiiii, M 11111111111111111 1111111
111. ubi ubi est gentium. 1111111111 111 111111111111111111111 11111111 1111111111-

11 1111111, 11111 1111111111.θῖ 11111111111111 (111111.111111111111111111111111111111, 1111 ·

md 1111111111 111 1111111111 11111111 1111111111 111111. 1111111111111111 1111111 111111
1111111111 11 111 1111111111, 1111 1111111311111111111111111111111. 1111 1111111
Pseud. l, 1, 106 Beue etque emiee dieis nam nundine meu'e, 1113111111 11, 4, 16 111 111 111-
ine dppidum expugnatum fuxo erii lenonium.¹ Nuneiue 111111 1111111111 1111 111 Pseud 1, ,3, 11

iu demittite 11111111 1111111111, 1111 111111 11111, 111, 1111 111 11111 1111111 111 &etue 11111111 ⁴ ’

1111111111 1111111111 11111111 1111111111 1111111111 ium ui me voles 1111111 ere. 11111111
iu sapie. 1111111 11 111 sicine 11111111111111111 dud. 11, 4, 12 1111111111 Non lieet de 111111
11111111 bellem 11111 iungere. 1111111111111111111111111111111111111111111111. - 111111
1111111111 11111111111111111111 11 1111111 11 1111111111111111111; 111111 1111111111
1111111111 111 Cure. ii, 3, 90 hice 111 Pers. 1 1, 41 11111111. 111 111. 6 hince 11111111
1111, 11 1111111111 1111111111111. in Triu. p. 113 111 1111111111 11111111 1111111111
11111. 111. 1111111111. Popili. deq. 11111811. p. 16.

11. 608. 111 1111111111 11 111111111111111. ud idere, p. iii 11111111 1111111111,
1111111 1111111111 (1111111111111111, 111111111111111111, 111 111111 1111, 1111 11 11111
1111111111, 111 111111 11111111 111 111 11111111 1111 111111. duic 1111111111111111
1111111 111, 1111 1. Q. 111111 111111, 111 11 1111111111111111111 Quare profunde, pro
simum deeiu’ etatum 1111 11111 1111111111 11111, 1111 11111 1111111111 111111111111111111.
1111111. 1111. p. 11 111111, 111 111 111 &uminum etatum 11111111111111111111111111111,
1111111, 111 1111111 11111111111111111111 111 1111111 11111111 111, 11 111111111111111111
111111 1111111111 111 (1111111111, 1111111 111 111 111111111111111111111111111611111
111111 1111 11 1111 11111111 1111111111, 111 11111111 111111111111111111111111111111111
11111111111111111111 111 1111111111 111, 11 1111 1111111111 111111 111111111 111111, 111,
1111111111 111 111 11111 111111111111 1111111 111 111111 e 111111 11111, 111111 1111 1111 1111
1111111111 1111. eud 11 1111111111111, 111 111 111111 11111111111111111 111 28. 111111, ’
111111 1111 1111111111 111, 111111111111 1111111 11111111- 11111 111111111111111111, 11
111111 111 11111111, 111 11111111 111 L. deeius 11 111111 11111111 111111111111, 1111111 111,
11111111 11111 1111111111111 11111 111111111111111111, 111111 1111 1111111111111111.

1111. 11111111. 11, 4, 44 111. Pseud. i, 5, '18 Erdm uti edmos criminerei apud
erum. diii codd. 11111 1111111 111.

11111. 111111, 1, 38 11 sinistram 111 111 111111 111 c. v.; 11111111111111-
sieru, 111 Ursinianus 1111111111. ‘dine que 111 11111 111111 uter 11111111 111 codd. 1111111
111111 imber.

43. 111. Concilium 11 1111811111111111111111111111 11 11111 1111111 1111 11111111
11111111111111111111111111111111111111111111111111111111-

81 111 111111, 1111111 1111111111 11 111111 111, 1111111111 idere. v, 4, 50 11 rd-
1111 111 11111111 reiurd 11 11111111 11, 11 11111, 11 1111111111 111111 11 111111111111111 ¹
11111111. 1, 2, 64, 111 11111111 111111111111111111.

iiii. ili, 1, 1411111111111 111 11111 istuc 11 11111111. - 1111 Pers. v, 2, 49 111111
111111. 1111 1111111111 111 111 1111111111111 1111. 11 ui. 290 111111111111111.

11111. 11111111111111111111111111111111111111.1,1,21 11 1111111111 111 11111111
111111 Camerarius 111. 11 1111111 11111111, 111 111 1111111111 111111 11.

11. iis 111.111111,8,4111111111111111111111111111111112,104 1111111111.
1111111111 quidem herede re: de dliis 111111.

di. 819 1111111 111 11111111 1111111111 111 1111111111111111111111111111111111
iffi 1111111111, 11 1111111111111111111111111 111 sum 11111 expertus.

11. 811. 111111111111111111111,3, 11811111111111,3,11111111111111
111111111111111111111111111.811111111111111111111111111111111111111111111111.
1111111 111 111 111111. 111, 1, 181 11 1111111, 11 111 eredo 11111111111111111111.

 

