v-*ffl--w

ammaumwtmmwwmmmtm ’

1111111ᾒηῆϋ111111111,1111111111111111111111111311,619111κ
11, 1111111111, 1,81111111111111161111111111111111 1111111111 111, 11111

11, 13 mmm 11111 1111111111 mulum 111οῶ persam, 11111111

1111111111 1111111111.1,3,6Η)1111111111111 11111 111111 ·
Heus 111, postqum 111111 1111 ιι 11111111 sumunt 1111111· poti. '

3111111111ῷ1111111111 1111111111 1111111 »ie 1111111111 6111111111 saturata 1111

attamen: 11) 1111 1111111111, 111 31111111 ,1111111111 bnt saturi 11111 11111,κ

1111 3111111 1111. V, 2, 3 8111111111 satura 111111 11111111.

8. 363 habal 111 111111. bit mne 111111 5015]oe 11111111 111 te 111. mie
1111111111 11 111 8911111111.

11. 311 11111 1111 21111111 ago mihi 111 11111111111ῦ11111 11111111111111111
11111111, 111 111111 1111111) 1111111111 111, 111 11111 mihi ego 1111111, aba 111 111111
111111 1111111111 &emt 11111 1111 1111111111 1111111ῆὶ111 1111111111 1111111,
111111113111111, 1111. 170 ab 266 1111111, 1111 1111 1111111111 emmim
1111111111 11111111 11111 11. 921 Mihi latitabat ,1111111 11111111 8111111111

Pseud. 11, 2,· 37 011111· 1111111· 1111 11111111 tantu 1111 11111111111111.

11111. V, 1, 15 8111111111 1111 quidem 111111111111 1111111111111111111.

1111. 111, 1, 113 Mea 11111 mea 11111111111111 dedam inter 111 11111111.

11111, lv„ 1, 8 1111111111, qui 11111 1111111111, scirpea 11111111 11111.

11111. 11, 1, 37 8111 111111 11111 11111111 11,1111·111 pol 111 11111111

,1111111111 11,4, 12).
11111· 111, 4, 111 ma malitis, 11111111, 11111 est? 1111111 Cyrenensis 111

111111,2,103 111111111111111111 1111111 111111111αυί111 111111111111111

nare. V, 4, 411111 w 11111111- 11 planta 111. 11111 domn 1111111111.

811111. 111, 1, 13 h 111111 11111 sed 111111 111 1111111 ,111111111111111111

111111. 11, 1, 46 61111111 11111111 eursu 1111111, pallas, 1111111111.
1111111. 111, 2, 7111111111 11111111 1111111 111111 nuntiavit Chrysalus.
1111. 111, 8, 2 Ubi 1111111111111 ogi 11111111, indo 1111171111 1111111111 tihi?

111111.1,1,2860111111111111111 ew 11111, nepe 11111111111111111,1111111 ’

11111. V, 2, 54 Nou ιιᾱο 111111 11111 1111111111. 01114111111111111111
31 111111 1111181111 111111 man 1111111 1811111111 in 111 mitte 111 ‘Bam
mutiens: 1111 1111 &alben 111111 1111 1111111111 11111111 11111 tt 11111111 11. 1051
11111111 111 111. 1,,1, 11

Ilm 111, 1111111111 1111111111. 1111111111. Ego 111111 domum.

⁹3. 314 geben 111 codd. Ν111111ιί 111μί111111, patet, 11111111, 111 patu
1111 1111 &aut 11113111 1111111. 1111111111ίῴ 111 1111811111 111 minan 1111

1111111111, ne 8 nou [11181111 11111ιί1111 1111111111 1311111111 bit 1111111111·

611111 111 M& 11111 111111,1111 111, 11111 fut 1111111 1111111 1111111111 pm*
11111111,1111111111111,111 bet 1111111111 111 111111 611111 111111 1111111111,

1111 1111111111111111111,11111111111118111111 111111, 1111 11111111
1181131111 111111ιί1 1111111 111111, 111111 1111111111 1111111111111,

Ι

 

