⁸¹-1—-,···

Eae 1111 11111 11111 1111111111 9111111111 1111111, 11 111111 111 11111111
11111 1111111111 9111111581 11111 1181 1111 synam 111111 1111111111 1111111
1111 11 111 1111111111 11 111111 9111111 111 1111111 11111111, 111 11 1111111 5111111
11111111 1111 11111 11111111111111 111111 111 11111111 1111111111 111 111
111 &a 111 911111 1111111111 1111111111 11 1111111 9111111 111111, 11111 111 11111
1111111111 111111 1111111 11111 1111111111 111 111111 11 umus 11
1111111111 1111111111 11111111 11111111 1111111111 1111 111 111 1111111111, 1111 gum
611111 11111161 111 vivitur, 1111 Q. 811 Quid 1111111111111 1111 1111111111
1111111111 11. 119 tabernaculum. 1111 1111111 11111 111111 1111111 111 111 9111111
1111111 11111. 15 111 118 1111111111.

911 11111, 111 111 1111111111 1111111111 111 1111 111111 1111111111 1111111111,
1111111 111111 1111111. 114 111111 1111 111111 111 1111 11111 111 syllaba anoeps
(1111111111111111 1111111. 111111 1111111111 1111 11 111 1111111111 1111111111.

, 191111111111111111 1111 11 1111 111111111111111 11111111 111 31111111 9. 614

Ρ111111111111111 quid 11111 festinet, 799 Hic agit 111111 111 1111111111, 9398111111
ubi 1111 Pol 11111111 reliqui, 961 1111111 111111Ρ11111111111111, numeratum, 1169 Si id 11111
11111111111111 111. 111111 1111111111 111 11 11111111. 119111 111111111111111 ,

mer 1111111111 1111111, 111 1111 111 111111 11111111 111 1111111111 911111
1111111111, 1111111111 1111 11111 111111111111115 11111111111111111, 1111 111
1111111, 11111111 111111, 1111 1111111 11 1111111111 1111 11111 111111111111111111
111 11111111 111111 1111111, 111 1111 11111111111111111111111 1111 1111111 1111111
11111111, 1111 11111 1111111111, 1111 111 111111111111161111111111111111111111.

91111111 111 111111111111, 111 111911 111 11111111 1111111, 1111 111 111111
11111 1111 11111 11111 11111111 1111111111 111 1111111 111 1111111111 11111111.
1111111111 1111 11 1111 191111 11111111 1111, 111 111111 111 111 111111, 1111111111
111111 111 111111 11111 111 1111111111 1111111111 1111 1111111111 11111111111111111

· 1111111111111, 1111111111 1111111111 111 11111, 111 11111111 1111111111111911111

- 1111111111 1111 1111 111 111111 11111111 11 111 11111 1111111111 (1111111) 11
111111. 61111111 1111 111111 11 1111116111 1111111111 111 11111111 1111
, 111 1111111111 1111111111 11111111111111111 1111111111111131111111 1111 111

’1111111111 Q. 319 Quod hahes, ne 11111111, ,11 111111, 11111111111111, habeas
⁸ velim, 99111111111111111111111111111111 sero quandoquidem advenis, 11411111
ngun'dae esse expetit: 1111 11111111111111111111111111111111111. 11111 warte, 1111111111,

1111111 1111111111 1111111, 11111111 1111 111 111111 91111 111111111111111911111
111 1111111111111, 1111111111 111111 111111 1116111111 111, 1111111 111 1111111111
91111 gu 11111.

11111 1111 1111 1111 1111111111 1111111 11111111111111111 111 111 111111
1111 111 1111111111 111 1111111111 1111111 1111111111, 1111111111 11 1111 11111
1111111111 1111111111 611111, 1111 11111111111 111 91111111, 111 111111, 1111
11111111, 11111111111111111111 111 11111111111Ε1111111111111. 9111 111
1111 1111 1111111111, 111111111111111111 11111 1111 111 111 11111111 311111
11111111 1111 1111 9111111111 1111111111 11111. 9111111111 1111111 111111 1111
111111111111111111111. Β. 3911 (81111 1111111111) 11111 111 31111111 111 11111111

 

