--119--—-

44. 548 44444444 4444444444 44 4444 4444444444 44444 444 444444 444 stultius
444 4444 4444 44444 444444 444 4444444444 is de stultitiis meis solus superfit 44444144
rium relicuos. 4444 44444444 444444 4444444 44444, 4444 444 4444444441 444 444.
Vetus 44444444 4444 4444144444 444 pingui 11444444 444 44444444 stultitia 4444 44
444 4544444. 444444. 44. 638 4444444441. neque mens officio migrat, 4444 444
4444444 4444444444 4444 44444 44 444 4444 4444444444 444444 444 444. Vetus
444444 4444, 4444 44444444 44444444444 444444, 44 officium 44. 44. 61 4444 444
C. ,4. 444 inprudentem 4444444444, ,444 G. V. mit 4444 44444444 mihi inprudenti.·
44, 844 44444 444 444444 444 G. Α. dorni cupio, 444444 44444444 4444 44444444
14, 7, 45 44444444 444 4444444, 4444 444 444. Vetus 44 domum 44444 4444444444,
4444444, 44444 444 6444444444 44444444 domi 4444 44444 444 (44444444, 4444444444
444 4444444444444 444444, 444 4444444 444444 4444 44444444, 444 44 4444 44444
44 4. 3444444444 444444 444444 4444. Su 444 44444444 3444 444 44444444 3444444444
4444 4444444 444, 4444 444444 44444 44444444 444, 444 44444444, 444 et 44, 650 444 ne
444 C. 4. 444 444444 3444444444 441444444444444444 444444.

4. 4644444444 4444444444 44444444 4444 44 4444 &testeus u. 749 4444
44 444. 444. 44 4444444 444 4444444 Ι144441444414144444. 4444 44444444 444 4444·
444. 444444, 444444 4444444444 usust 4444 Nam herulo, 4444444 Eadem 4444

41446444 444 444 444444444444 codd. 444 (44444 444 4444444 iubes, 444 (44444 444 ,

444 44444444444 mones 4448 Α, 44, 884444 4444 44 444 4444444444 4444,
444 (44144 444 4444444 quicquid est, {uc A. quid siet. ¹

444 4444444444 4444444444 444 444. Vetus 4444 4444 444444 4444444444, 444
4 44 4444 444 444 44444444 44444 4444 4444444 44444444 644444 444444 44444444 444,
4444444 444 444. Ambrosianus 44444 444 4 4444 444 4444 44444 4444 44 4 444 44 ,
444444 444444 444 444444 4444 444444444444444 4444 4444444444 4444 441, 444 444 4444
44444444 4444444444, 444 suu 4444, 4444 44444 &tud 444444, 444 G. Α. 444
4444444444 41 44444 444 444444 4444 ausis 44, 237, 4441496, 1444421444444444
44 4444 4444 444 {urge u 444 44444444 1054 44144 4414 444 444444 4 444 exolutum 534, .
444 4444444444 444 4 44 444444 182, 4444444444 444, 4444, 4444444 4444444 44
44 4444 444 4444444444 44 4 444444444444 444, 44 quincto 523, 444 n 44 4444-
4144 63 44444 campane 544, 444 4 444 Acheruns 493 44444 524, Η414444444 854,
44444444, 4444 44444 444 Ph 4 444 434, 444 4 444 444 4 44 444 444, 344,
uu 444, 444 q 4444. 444 4 u quia 44 ,444 444, aequm 344 444 144, 444444
444 444 444 444444 4444444444 4444444 apiscitur 345 4444 tis 341 44 4 444444 444.
444 444444 44444 4444 444 comessum, Acheruns 444 1441444444 44 4444 4444444444
Duru 44 444 4444444444444444444444414 444444444444, 444 444444 44 84144444 444.
Vetus: 44444 44444 4444444 444 4444444 4444444444 44 444 &ulle 444 44444444 444

44444 4444444 44444 444 44444 4444444 4444444 44 4444 iu 4444444 44444 4444 44 444444,
444414 444 cod. 444. 44 424 4444444414 4444443, 24 4444444 44 44, mutin nut 4444444444 .

44444444 444444

444 4444 4444, 444 4444 44444 e 4441444, 4444 444 444 44414444. usurus 44
mutatu} 501, vorsu 244, 44444444 407, votes 456, votet 473, 444 4 44444 e 444
agundae 364, quaerundum 646, 4444 4 44444 4 444 turturum 60, surrupuisse 84,

 

