,,,,,,,,, ¹15 ,--.

666666 gu 6666666 6666 666 666666 66616666,

Db 666 666 666666 6666666 6666666, 6666 66666 ,

Su 66666 66666666 666 6666 66 6666 666 66666666 Ι
6666, 6666 6666 6666666 66666666, 6666666 6666 6666 6666666

. 66666666
6666 6666 6666· ·
666666666666.
66666 666 6666666 6666.
6666666666

666 66666 666666 6666 -

666666666666
6666 66 666 6666 6666666666 66666 666 6666 66666666 Qu 6666666666 ,
666 66 666 6 6666666

66666666.
666 6666 6666666 666 666 666 6666,

6666 666666 6666666, 6666666 66666666 66 66 6666.

6666666666666.Ι
666 6666 666 666666

66666666 .
Sd> 66 6 666 66666 66666 666666 666666 6

66666666666 ,
66666666 666 66666 6666666 66 6666666666 6666 66666666
66666 666666 6666, 66 666 gu 666666, 66666 666 (16666666
6666 6666 666 66666666 666666 666 6166666666 666 6666
‘Dent 6666666 366666, 666 666666 66666 66666 6666 66, (6666,
666 66 6666 666 (66666 6666 666666 66666666 6666666 66.66

6666666666.
66 66666 66 6666 66666 6666 6666 666 666
666666666666.

, 6666666666
6666 666 666 6666 666666 6666 66666666 66666666,

6666 66 6666 6666, 6666 666 6666666666666 66666666 66666
6666 66 66 6666666, 666 666 66666666 6666, 6666 6 66666666
6666 666 666 66666, 66666 666 6666666 66666 666666 66
66666666 666 666 666 66666666 666 666666 666 666666 66666
6666666 ,666 66666666 666666 666 66666 66 666 66666

66666666
666666 66666 66666666 6666666 666666, 6666666666,
6666 66666666, 666 66, 666 6666666 6666666666
6166 66666666 6666 6666 666 6666666 666666 6666 6666, ,
6666 66666666 6666666666 666 66 6666 666666,

6666 6666 6666666666 6666 666 6666 gu 66666666.

 

