, pm, udi petere pmi suedie 6111,’ 1111111 61661116611111 111166 6111111161
eume, 116 aegritudinem peter 1111 peu-erem, 6661 166616. died> 11111 1111 1111111
3 1111111 161 11111161 19611611 1116. §ie 6161111 6161111111, 161 persi 16161111 midde
116 6111 um 611 dictiue 611116 eud perui 6116111111, uui 611 bet 21616116
1661116111 66116116 putere 1161 6666161166611. 111611 613611116161111 ire
11611 111 16 11121166 6611243 6111161161 611 611616 16111 111216616111166
666 6661161111 dei 11116111 6666 1116111 16611116 1661111 6116616116 1161, 11111
men 16 6611161 &tuiti 6. d. 16 1616161116 111116. 11413 1616 c. 116161
16161, 414 magis 1. mulie, 468 eepieeue 1166616616, 3119 1111116111111111611161
wipandune 61, 72 111 C. L. undique tui 1166661616 tuae, 222 6161166611
pauci sint, 231) verum 11. utrem, 486 neque uie 11. 66611611, 6776111 1111116166,
11111 1111611161 11161, 111 6666116111 1111, conclusit 1. 6666116661, 63811161.
1116616111 11. adstrinxeris, 1689 666 11. aegre, 444 66161611.66666,66461116
61616111] 614 uenere 1. muare, 936 111111111111111 absentium 1. absinthium,
1153 16 c.. 1. tuum 1. uuum, 764 fides 11. ut 616, 661 ie 616 6111611616 16
1166611661666616661. 1161 61111266661166666 6111161 puicu 1166 1111611116
116161 15111116 16 6611161 &uid miebtdptgeiieiit} 111661 eutii 6661611666 661
6611116116 16 61116 dudd. 66161116 166116. &e 1111 6616166116926061616
1. Set erum 6111611116, cinerarius 963 eine 6111116111. ei nimirum, 42211161-
1166111116 1161661166] fliium, eduilius 946 dlii di 111611.661116111, ῷ1161661322
“ 6116161116166 1666666661, 1111111 11124 eeliieuepidae 1, oculicrepidae. 61111
66111 6661161 6611) 1161 21661111. 666. 6111116111 6111 66611 66 1116, 161
- 616 Β66611.Ι,2,51161111)611611161 616161666611111 1661111611, 11, 3, 111
luno 16616 tantisper numquam 16 movebitur 11. hem, 6661 112, 54 seduna
humane 116611 audetque ut lubet 11. fingit, 111, 6,4 Neu 6666161616 611116 deidei
616616 16666166, 1161 11161111166161111) 111 11116116. 1166. 1, 3, 24 sein, quid
· uuio ego 16 6661116161 11161661666661616166116616, 111, 2, 3211616616 mihi
61116616 16 dedisse 1111611666 111611 eum quidem edepol. ·
6. 318 16161 16 116 6616. 661 6111. 1611116 1161 1111 216111 6111111.
- 61. 324. 1111611166116111616166 le. 11111111 di. 351.
11. 326 616611 1116111116 61116111666 der 66111611161162116111 nisi tu
uuus 116111 tu nou uie 1111111111 111 11111111, 16111 111 1111111111 111 1111111111
6166661616 Plautinum 6111 111166 1166166, 1111161666 116,6616111.1111111661
6111 661 eet 66661666 1111111616661,161 11161111 661111611661611, 61116
⁸ 111 1161611616, 61111 66111 6661 11111 6161116111,161161111 1111661111 16611111
161116. 11661 1616161161111161161 616 111 6616161116 1116. Seu 1111116111 661.
16 61666 1611111111 isere 611 6161111666.
11111116661611 11116661161616161 eet 661616 uuum 6111116 3
11111166 111 666 1611611116. i
,ffl‘ 329 611111 11166116111111111161 Puhiieieue 666666111611116116161616611
6111111 6161111 obnuit 1111111. 11116161 1661111 111111) ipe 661 6116111611
1111111111 1161 6166 6116 1616111 1111116166 111 negotiu 6611166 61111111 66166 3
161111 16111, 66 111 beu publicini 61 111116, 16 ’1611111 1111· 6116161116, 16111

 

