ι ᾖ n m

ι Tm. Διιὰ.111,11,1 Qui m 1111111111 1111161111 1111111111 111111 audeam?

. 111 1111111111 1111111 111 {mmmmm 1111 1111111111111 1111111111 11111

1111111111 1111111111 111 111111

ilii. 11, 8, 49 mmmm mmm (1111111111 mimmii 1111111111..

fflm 1111111 111 1111111111 11111 111111, 1111111 11111111, 111 11111111
1111 1111111 111 Samius 1111111111 1111 111 9111111111 11111111 11111. m
1111 Samii& m. 197 Ν11 11111111 1111111111111 mmm, 1119 immitibus gai·
1111111 omnpotens, 1111 lugaidum milium sippedim, 111 immitti m. 191
111 mlius, 11111111111111 111111. 117 iiic 111111 όι1111111111111111111111111111111.

111. §Det 1111111111111111111, 11111111 111 11111111, 1111111111
1111111111161111111111, 11111111 111 111111111111111111 111,
111111 11111111 111 1116111111 111111 11111111 1111111, 1111 111
1111111111111, 1111 111 1111111161111, 111 111111 11111.

1111111111111111111 111 1111 1111111111 111 1111111111 111 11111111 11
11111 &elim 111 1111111111 111 1111111111 1111111, 1111 1111111111 111 111111,
1111111111 imm, 11 11111111 11111111 11111111111111111111111111 11111 1111111
1111 1111 111 111 11111111 1111111111 11111111 111 111111 11111 11111111, 11111116
11111 111 1111111111 1111111, 111111111111111111 111 1111111 1111111111 111111, 11
‚siti 111111111111111 1111 1191111111111111161111111 111 11111 1111111 11
11111 1111111111. imo 1111111111111111161111 11. 631 Nullum beneficium
1111 duco 1111111113. 141 111111111111111 hominum corruptor, m. 1811 1111111111-
11111, 16111111111 abigimus, 170 111111, inlinivit, 511111 1111111111, 8117 Con·
1111111 operito, 7391111 11 amicitiam, 3191111111,919 11111111111111 111111

Ι 11111111 11111111111111111111, 110, 166111 311 1111111111

. §Dm ⁵an li 11 111 1111 1111111111 1111111111, 111111 1111 111 1111111111

11111 1111111111111111. 111111 1111111111111111161111111111111111369
mmmmm, 371 1111111111, 1939 1111111111111111, 809 inim 1111111 limgo,

114 remque 11 eim rem, 11111 11111111 111111 11111111 111 111 1111111111
11111 1111111111 11111.Ι 1911 111 111 11 11111111.1111,819 11111111111111
1111111 1111111111, 111111 miti) 1111 1111111 1111 1111111111161111 1111111111 1111

11 mit 111111111111111111111111111111111, 11 1111 11111111 11 1111116111 κ

111 111111 1111111 11111111 11111. Su 111 111111111111111 111 Pseudolus 111, 1,6

’1111111111 1111111111 Parvis magnisque ministeriis praemimur, 11111111 11111111 ieiumi ¹

1111111 111 111111111111111119111111111 111 1111111111, 111 1111 1111111111

Ι rium 111 1111 &ibe 1111111 11111.

’ 1111111111 lv 111 1111111111111111 11111111 111 111111 1111 1111111 111111
1111111111 1111111111 111, 111 1116111111, 11111111 111111 1111111, 111111
. 1111111111 111111 1111111111. &o 1111. 111, 46
Eme omitto. m ego 11111 missa. 1111111111· iecisti fide„

11111 111111, 11111111 1111111 111, 1111111111 111 111111111111111, 111· 11111 1

11111111 111111. 11111111111111111111111111111, 111 11111111111111111
1111111111111 11111111 11111111111111111111 111 11111111111111111 11111 111111

11111111 811111 111111, 1111111111 11111111 1111111111 111111, 11111111 111 1

 

