--2172——-

ι ’ ὃ. 716. 1111111111.11111111111,111111111111 1111111.

Q. 718. oo codd. 1111111111, 11111111111111111.

111. 719. 5111111111. 1111111 suithardo 1111111111 ecquid sudis. 11111111
’ 1119 111 1111117111 1111, 1111 11 111 1111111911 9111267 111 501
911191 111, 11111 1111111111, 111 11111111111911 Quo 1191111 111 111 oleta
11111911 1111 11111111. §Dic 1119161111, 111 111 11 11111911 1111111191
11111111 1111111, Poro. 1, 1, 5381111111111111111 primum potest, 11111111 oon
Guyot 11111111 1111111191 1111111, 111 ,11111111 11. quamprimum 911111 1111111. Su

' 1119111111 1111111111111111111111 9111111111, 1111111111111 ills ouda

11111 111111. 511191111111111111111111 1111 111111111111111 11191 111
illio 1111111111 111 111 1111 1111111119 111 1111111111 111 1111111119 111
,1111111111 91111111 11, 1111111111 11111 11111 in 11111111111111111111111
1111111111. 1191. 111111111111911 9111. 1611198. 11111111 11191 1111
11111191, 111 1111 audi odorandis 11. audis 9111111111. ·

11. 711 11911 111 codd. 111 11111111 hino 11191, 1111 111111 1111111111

· 1111 gu 1111 111111. Guyst 111 eo 111 111111 91111111.

1111 11111 111111 111111 11111 9111111111, 1111111111 11111111

, Ε111111119111111 111111 1111111 1111 1111, 111 11 1111111111 111 argumentum

1111111111111111 111111111111111111 1119 91111111 111 111 (1111111111
11111111 11111111 9111111111κᾶ11 9111111111111111. 1111111111 caculam
111 11111 11119 1111111111, 1111111 11111 11111191 111143 9111111111
ῇ111111111111111 1111 11111111 111 111111 11111111 11111111 111, 111 11
1111111111· 1111111111 acrostichon 9111 1111111111 1111 1111113111 911111 1111,
111 111111111911111 1111111111 111 1111111 11111 11111 91 111111, 11 1111111111
11111111911111111 911111. 1111 1111 111111119111111111 Pseudolus 111111
111111 11111119 1111. 111111 (orons 1191111, 11111 11111 1111111 3111111111
11111111 111 111 111-1191111111 111. ὓ11111111111, 4, dd 1111 11111111 1,
’ d, 34111111 11111 6111111111, 111 o 11111 11 1111111111 111111, 1111111111
11 1111111111 11111 91 1111111 3111 1111111111111111111. 1916111111
111111111111, 1, p. 29: ῡ1111, 3111111111111111111111. 1849 111131.
uodo 1111111111, piaculum, 111111111111111 1111111111. Um 1111 1111111111
111111 111111111111111111111111119111191, 1111111111 11 exolutum 111
1111111111 11 semol, 111111111τί11. p: XCII 1111 xovd3 11111 1111111 11111 911
1111111111 1111, 111 gu 1111111 31111111 11 11111111111111111111111 11111911
11111. 11111111 111 11111191 11111 111 111111 1111111111 1111111111111111
1191111111 111 1111 Pseudolus, 11 suu 11 1111 11111 11111111111111, 111 111 1111
, 11111111 θ1119111111 111 111 111· [1111111111 111111 11111 1111 ostendinus
9111111 11111.

Q. 721. Det G. Α. 111111119111111111911, 111 11111111 1111111111 111,
1111 11111 1111 111 111 111 111 longius 1111. 713 1111111111 111, 11111 1111

.' 1111111111 9111111111 111. ouyu 1111111111111111111911111119 11 Ad

111111111111111111119111111111 111 111 911111, 1111111111, 1111 111 od
111111 111 111 1111111111111191 1111. 1111111111 11111· 1111111. sese 1111 osus,

 

