1 111. 1111111. m 1111 11. m 111191 111 1111111 cortis
911111 tutelam. 11111111 911111-111111111 111111 1111191111111111 1111111,
Q, 111 1111 1111.» 11 qum 1111, 11111191111119 11111111 111, 11 111111

11111111111111111. 1111 111 1111111119111111111111191, 111111 1111 11191, 11 ·

1111 1111111 9111111111

11. 151. 11111 1191111111 him 111 profectus 1111111111 111111 111
11111,11111111111911,11111 Quoniam 1111111111,11111111 1111 111111 111119
1111 111111 111, 11111101, 1111, 111, 1111 111 1111· 111 1111111111 11 111111·
111111 1111111111. ffle. 11111111 1111111111 s. v. 9111111111 111 Donatus 911 111
Adelph. prol. 1 11111111 11111, 11111 quoniam, 1111111 11111111111111161111
11111, 111 1111111119 111 mquam, 1. 111111 111111 11111 11111111 11111111 “
1111, 11 9111 »11 11111111111111111111 1111111111, 111111 1111111111 1191911
111111 1111111111111111111. 11111111191111111111 1111 111. 113 Quoniam 11111
iturus. 11111111 1111111111911111 911111 111111,”111 111 1111119 11111111

11111 11, qui 1111111111, 1111111111 1111 relicui, 111111 11111111 91111111, 111 1111111111
111 9111111 11111111 aleret 91111111 111 111111 111111111116111111, 1116111111
&natm 1111 1111161111911111111 11111111 1111111. 11, 3, 57 1111 1111119,

1111111111 111 codd. 11111 11111 1111 11111111 quoniam 1111111, quae 111911111-1

tur. 191. 11111. prol. 9, 11111. 11, 3, 58, 111111, 1. 111111 1111111111 ⁴

11919111 9111111111 1111111111 11111111- 111111 &inne 111111191111,,9.11.Α1111.
111, 81 Quoniam ille 1111111111 11111111. 01111111 ,1111111111 1111111191
11111111 111111.11 -- 19111111 11191 111, 111, 11111 11111111 11 111111 &teuc 91
11111111 1111111 1111111111 1111111111 111, 1111 11111111 1111111111 1111111
,111 ,1111111111 1191111111111,” 1111,,11 1111111111 1119111111 {fist 111 1111 1111
11 111119 1111 111 11111. 1111 111 11111 11111 61111911 111 1111111111 11111111,
11111111 11 1111111119 1111113, 1111111111 Quoniam 1111 1111111111111, ,111
11111111 1111111, ” 1111111111 91911 1111111111,11111 9111111111 1111111111 111111

61111111119111111111111111111111111111111111111111111 11111111 .

prusenus 9119111111,11911111111111111119111911,11111111 ,

111.,1111111111 1119111 (ἕ1111111111111111111111,11111111,1119111111111,1111 ,

1111111111111111,111 11 111 1111111191 111 11111111 1111111 1111111111, 1111111111·

111111 1111111111, 1111111111111111 11111 111111 11111119111111 11111111
111. 111 mihi 111111·111111111111111,1111 111111 1111191111 1111111111 mihi ‹ie-2

monstravit 11111111 1111111111, 1111 1111111111 mim 11111θῖ1111 mihi 11111111 11111
911111. 3111111111 11111 1111111111 1111111119111111 1111111 9111111 111
hisce 11 11. in 11111 9111111111. , .

11. 111. 11111111. 11111, 111111 11111.. ,

11. 1111 1111 1111. 911111 11111 mihi 11111111 1111111111111111111111,
11111 mndata 11, 1111111 1111111111 11111 911111 111, 91111111 11111 man-
111111 91 1111111111 1111111111 11. 111111 1111111111 11111111 11 111 111111 (51111
1111 (1111 111 1111111 1111111 (111111 1111111111111 11111, 111 111 1111 1111111 11111111
111 1111 91111 9119 1111191 1111111111 111 11111111 11111111 111111 1111 111111
1111111111, IL 1111. -

 

