---1”11---

mamm 111. 1111 1111111 111 1111111111 11111111 111111 111 11111111 111 011

1111 Parata dos 111111111111111 111. 1111 1111111 11111 11111111 111111111 1111111111
61111111 1111111 1111 11 11111 1111 111 111 11111111 111111 1111111101 1111111,
’ 111 111 1111 111 11111 1111111111 1111111111111 111111111111111 11.

11. 148. 1111οη1,1111111111111111111111111,1111111 1111111111ὴυί1. 11
111 11111111111111111111, 111 111 11111111, 111 11 1111 11 11. 141 111 11111111
11111 huic 1111111111 111, 111 1111111111 111 111111111111111111 mit huic 11111111

· 1111111111, 11111 11111111, 1111 11 11 111 11111111111111 1111111 ea 1111111

111111 11111111 11111 1111111111 1111111111 111 111111 11111111, 111 11111111
11 11. 141 111 ei 11 1111111111 11111 1111111111 1111 111 1111 11111 oi condicio
1111 111 111 zm 111111.

11. 1411. 1111 codd. 1111111111. 1111111111 11 1111111111, 1111111
11111111 111 11 111 6111111111, 1111 111111 111111111111 1111. 11 1111111
11111111 11111111111111111111 1111, 1111111111 1111111111 111111111111 11111
’ 1111 111 venere 1111111111. 1111111111 111 11111111 1111111111111111,111
1111 11111111111111 1111111, gagen 111111111111111111 111 11. 1111111 1111111
plerique, 111111111111111111111, 11111111, 111 1111111 aequo, 382 permittam,
11111111111111111111, 841 facio, 1111111111111111, 398 commodum, 1111111111
commode, 139 depellar, 111111111111111111, 111 G. V. 1111111 1111111191 ducam,
111 111111 ducat, 911 intra, 1111111111 inter, 111 0. L. 11. 141 celati, 11111111
alatum, 1033 11111, 1111111111111, 1094 aiebam, 111 11111111 agebat, 1101111
1111111, 1111111111111111111111, 1161111111, 111 11111111 11111, 414 1111111111
111111111ᾱί11. 1111 11111 111111111111 11. 891, 908 1111 1010.

11. 150. 1111111. 1111111111 11111111 11111 111 111111 11111, 1111111111
1311111111 1111111111111111.

Q. 111. 111111. 1111111111 1111111 Lesbonicum edoceam ut res 1111111
1111111 111 1111111111 111 11111111 1111111111, 111 11 1111111111111 11111. 1111
1111 111 111 11111111 111 111111111111 1111111111, 1111 111 111 1111111111 11311111
111 (11111111 111111, 111 111111 1111111111, 111 111111, 11111 111111111111,1111
1111111111 gebu 111111. 101111 11111111 111 111111 111 C. L. 111 0. P. 1111111111
1111111111, 111 1111111111111 edoceas 11111. 11111 1111 11111111 111· 11111 1111
111111. 111 1111 11111 Lesbonicum, 1111 1111111111111111 1111111111111
111111 111111 11111111, 1111111111, 11111111111111 1111 1111111 edoceas 11111
1111111. 1111 1111111111 1111111111 1111111 111 9111111111 11111111 11111 11111, 11111
1113111111111111 111111 menig, 1111 11111 111111111111114111111111115111111
1111 1111, 111 11111111 111111 11111111 1111 11 111111 11111 111111 111 1111111111 111
1111111111. 1111 que 1111 111) 1111111111, 11 111 1111111111111111 111111
111111 11111. ·

m. 111. 1111 codd. 11111 Quem 1111111 111111, 1111 11111 11111111 111111
1111111111 1111111111 11111 11111111 1111111, 11 111111 11 ecfodere 111111 11111·
1111. 11. 181 111 11111. 111 11111 11111 Quin 1111161111 111111.

e 11. 111. 1111 codd. 11111 11111111 1111111961111 1111111 1111 11111111
11111 1111111111, 1111111 11 111 1111113111 11111111 111 111 1111111 111111 11

 

