mn*

m 333333 3333 333 33333 33 33333333333 3333333333 33333333 33333 3333 “

333333, 333 33333333 3333333333 33333 333 333333333333 33333 ML 33333333 .

333333 3333333333 333 333 3333, 33333333 333 3333333333 33333, 33333 33 333 33433
33333333 33, 33333 3333343333 333 333 3333333333. 3. 834 (Lamus mmm
333333 333 gratas) 333 33 333333 333 33 3333333333 33333333 33 333 333
’33333333 3333333333, m 833 (Nam 3313333333 te et clemen'mm 33 unqu& 33333 34
voluimus 3333 in alm] 3333333 fid> 333 33333333 33 usque 3333 ,3333 333 33333333
modo 333 3333333 33333 333 33 333 3333333333 333333, 333 33 3 824 3333333333
3333. 333 3333333333 33333 3333333333 333 333 3333333333 3333 333 33333 333·
333333 3333 33333 3333 3 33 333 3333333, 333 333 333 33333333 333 33333 333 3333333
333 333333 333 3333333 3333333333 33333333 333, 3333 33 333 33333333 33 3. m
3333333 333, 3333333 333 3333333333 33333 33333, 3. 3. 3333 3333333333 3333 333 333· ’
nomen demonstrmwm, relativum 3333 interrogativum 3333 3333333333 3333333333,
33333 ’333 333 3333333333 mmm· 333333, 3333333 33333 3333 3333 3333333333
3333, 33 33333 3333333333 3333 333 33333333 333 4333333333 33333 3333334333, 3333
intra 3. 728, unm 333 333333333333 3333 3333 333 33333333 33 33 333333Ι 333333,
3333. ΙΙΙ, 3,·43 333 3333. ΙΙΙ, 3, 52, 333 3333333333333 3333333 si 33 333333

333 333 3333333333 333333 ML 1v, 3, 31. ·

333 33333333 3333333, 3333 333 33333, 33333 33 333 3333333333 3333333 333, 333 “

333 33333333 33 333333 33333 333 et 3333 3333 im 3333333 3333333333 3333333333
33333 mmm 333 3333333333 33333 mit 333 333 33333333 33333333 3. mmmmm

simul 333333 333333, quid expediam potissimum, 333 3333 333 3333333333 umet·
3333, 33333. 3333 333 33333333 333333, 333 33 333 3333333333 33333333333333 333,
3333 333333, 333 3333 3333333333 333 mu 3333Ι 333 3333 333 3333333 333 3333333333 Se·

3333333333 33333 3333 333 3333 3333 33333 33333333333333 33333333 33 3333333 33333333. ’

33 33333333 333333, 333 33333 33 333 33333333 333 3333333333 3333333333
33333333· 33 333 33333 333 33 333 333333333333 3333333333333 333 33333 33333 333
3333333333, 33333 333333 3333 333333333333333 3333333333. mo 333 333 333333
3333333333 3333333 “

Pseud 1, 3, 34 Sed quid ais? Quid 1333 quod te 33333·- 83· quid 333, 3333.

Ρ333. Ι, 2, 39 Etiamne ut ames mm, quam numquam 3333333333- Nil m-

1333 quidem 333.
83333 333 33333 33333333· 333 3333333333 3333333333

Pers. 11, 12, 43 Ecquid 3333333* 333333 337- NL 33333333- cmo

manum 3333- ——Lstne 3333 munus?

ᾧίιῑγῐ mmm 33333 aud) Aul. lv, 4, 32 33333 illi 3333 Pseud. 1, 3, 158 3333 3333 ¹ - Ι

c. Α. 33333 exquire (ex 33333) 3333333 333333, 3333 3333 33333 et 33 333 333333
333 atque 33333 3333, 333. 333 333. 33 3 837, 3333 3333 3333 L. 333333 333
33333 3333 333 33333 33333333 3333333 33333 33333, 3333 33 333333 3333333333,
333 333 333 333. p. 100 3333333333 33333 An ego Ulixem 3333333333 umquam aut
3333333 praeponi 333 333333 mmm 33 =
- 34333 333 333333 333 3333333333 3333333333 3333 3333333333 3333333 333333
333. ΙΙ, Ι, 13 Nini 33333 mmmmm 3333333333 33333333 ms 33333333.

 

