...mm-...-

9999119119 a 91111- 91 19999 19911999 9911119 991999 9699191199,

mmmm 1191111, 9119111919 mallon. 1911. p. 1 991 9111111199. 9521. = .

916. mu 1 9 1999 11. aut

9919199911. 99996111999199999999991999919911919999
911, 919 1919111119 99199999 11911 1199 1911111191 91191191. 1191 :pne 99
1919 19919 9999 tuto 999 919 3919911991 1919 199999, 19191119 119199
111111 9111119, ma non stesstt'bttmmt 919 991 19119199 111919111919991 ⁴
Megaronides 911 96911919 1199 9911 11 91991111) 91 9991981 19191999
99 9. 96191 11 9911191991. 1119111 qim, 19 11991 19 91199111, 991
99 99191911 911 99911119 991919 91111999911111191 99Ι 19 999191 19
9 11999919 gu 9999199 991 99 9911111199 ,9199919 99919119, 99 91
1999199191 c. V. 91111119 9991119 11191199 19 11199 1919191. 9191 919 aui)
9111 999 991 99 119191 91 9911999919 99111 199191 99191111 99999
1919 1119 19199191, 99 19 99 1199911919 991 1991 1191119999 911999 9911191
991, 9999119 999 9919 99 111199, 19 19 991999 &aut 91111 99199999, fols·
199 9919119999 11999911, 8, 16 Vir 119 19111199, 1919. 1, 9 61 Quod 119 ,
1991. Quid 9191199. prol. 75 11911191ςί911199,119991.1, 19, 31) Quis 11916-
961991 meus est ,11919 19111999991991199), 191. 111, 6, 61 19991199
91199999 est, 811919. 1, 1, 19 Neque est, 9111 mmo 9191199, 1111. 11, 1, 11991
9 prandium 99, 999. 91, s, 3 99 19 99 Per tempus, 919. 1, 1, 9
1191991119 6911999911, 1919. IV, 1, 12 Quod 1119 9911 amicum, w, 1, 51 Quod
illa 96199 simunt, Aul. prol. 21 Is ex 9119999 reliquit Ι ,

9 98. 99 9911. 1999 adveni. 691 9111199911 199991191999199

919 99991111, 99 911 9. 66 999999, 91 19111199 codd. 99919111 91-
9919111119,1111(1.Α.11111 venio. 1111111119 1111 0119911991 9191111199ύί9
1911111111.

9 112 1919191999 19911999999911,99 19 9911111991 91 1111191999 19
11919 99911919. &e 9119119 91191111 91 99999111911191911991191111999
999, 9999911 119 9199119111 99 919991 19 19 9199919 999999, 9999919111
19119991 119199 sum 991919, 99 999919 919 999 91991911911119 ,
191991 gam. 99919199 99119 99911 19 999991, 911 9119919119 91
11191191 991 19 1199 91 9999191 1919911199991999111919 9199,
91199191 9991191991) 991919 999 91 111 119, 91 19 9199 suam uxoren
99 1111911199 gu 919 matrem 1919, 9119 99911 9999 99911191 99 que 9911 9999
1199919999 119999. 91911 99 119991 19 1911999911, ,99 91191 9999991,

9191999 1991119199 9191 911191, 19111 1911 99 91119 91 9911991 91111
1991111, 999119, 9919 99 91199, 19 9999 99 99191999 uod) 9 99199
6111 99919999, 1911199 9919119199 111111, 1, 19119119199191, 191. 619.

99, 99, m 1, 3, 9, 91. 11, 9 9 mmmm, 9991 9, 99 En· 9199
9999191911 911 11199199 1. corrumpo erilffl 111 11199 1111, 11111 11, 6, 96 Domi
99991199191199912, 18 1199919 im foris, 1919111, 1915 Volo 11911 111999,
1111. Stich. 111, 1, 21, Pseud. 1, 1, 60 Sino: nam mihi 911999, 1, 5, 156 Novo
11119 noum 1119911 §uvantum 9119999 auocet), 1991. 111, 3, 19 Ago cim 19 91

 

