...-. 1862—ss-

3111111111 111111111 1111111111 mmuuuuus'osmquu
11111111 111 11111111 1111 111111 111111 111 111111 1111111111 11111 1111 du 111, 1111-
mitt, 811111] 111111111111 11 u 111111, 1111 6911111111 1111111111111111.

, ε, 11. 1311111111 111111 11111. 1111, qui 1111111111, eum 1111111α11 α 11111111,
11111111, 111 1111111 1111111111 11, 111 111 1111 11111111 1111111111, 111 1111

· 1111111111 1111111111 11111111, 1111 11111111111111111111 11111 111111. ‘Diu
1111111 111 11111111 11 111111ῶ11111111 1111111111 1111111 111, 11111111111111
1111111111, 111 111 1111111111γ 11111 1111111111 111, 111 111111 11111111 111111 111
111111 111111, 11111, 1111 11111, 111 1111111111 111 1111111111 111 111 11111111 111
11111 1111111111 11111111 111111. 1111 3111 1111111111 1111 111111 1111111 111
11111 111 111111 31111111 1111111 &o 11111111 1111. 11 1, 3 curu 1111 1111111111
nuno, 111111 1111111111 1111111111111111111 11 1111 11111111 cnud. 1111
111 111 11111. 31 111 11111111, 111 illa wem 1111 111 111111111111111111
111111· 111, 111· Atque 1111 quum, 111111, Chrysalus 1111111 fio quidum 111 ec·
1ι1111111111111111, 1111111 11111, 111 1111 aud> 1111111111111111 11111
11111. uu. 111, 1, 1111111 1111 11111 111111111111111 ui 111111 11 1111111111
amem 1111111, 111, Eud. 11, 11, 12. 1111111 11, 1, 9, 111 111111111111111111
1111111111, 1111111111 1111111, 11111 1111 11111, 11 111-1111. 1111111111 111

' 11111111, quis uia in 11111111 11111111, 1111111113, 111 1111111111 1111
11111111 quem iu adulescentia, 111 1111111111 11111111 mit 1111· 11111. uun 11111

’ 111111111111111111111111111. 11111111111111,11111111 nun 1111111 11111
nutu. 11111111, 1115 111111 1111111 111111111111.11111 111101111111
11111.111.11111.; illic 1111111111 111111, 11111111 1111111111 but: 1111 uu 11111111
uude, ffiuffet 111 1111111111 illi, 1111111, captus 111, 111111 111111 111 1111111111
1111111111 11 illi: 11 1111 11111111 11111 11111111111111111111 1111111111
1111111111 111 111111111111 1111111111 1111111 111111111111111111 111 1111111111.
&Cum 1, 1,11 01111111 febris 11 hui 111 nudiustertius. 11111111 111-
1111111111 devenerim (111111 1111111111 1111 1111 111111111111 11111
11111. 11, 7, 30 quicquid 1'11 illo vidulo unu· 11111. 111, 1, 10 1111 111111 11111111.
1111111911111111111. Ibidem 11 nau 1, u. 11. 11111 1111111 1111 1111111
11111111 1111111111 1111111 111 1111111 111 1111111111 fou, 1111111 1111111111
uu. 1, 1, 61 1111111111 11111, 111 1111111. 1111111 1111111111 1111111111
est, inquit mihi (11111111), 1111111111 1111) 1111 1111 1111111 111111 1111111
R, 11 1111111111-11111111111111111111111 11111 3111111111 111 111 1111111 111
1111111 111111 1111111111, 1111 1111111111111111, 111 inquit 1111111111 11111
&uuo 11111111 1111, 111111 1111 mihi 1111 1111111 1111 uuna 11111111· 1111
11115111 111 1111 111111 1111111111 11111111, 1111111111111111 1111111 111111
1111111111 hiccine 1111111111 1111111111. Qud) 111111111111111161111111,
111 1111111111 1111111111, 11111111 11 1111111. 111 11111111111111111111

Ι 1111111111 1111, 1111111 ille, 111111111111511 1111111, 111111111111111-1111111

“ 11, 111 1111 1111 111 1111111111 11 tuumne, 11111 οι 1111111111 1111111
111111111111111111111 1111111111 1111111111,11111,11111111 11111·
111111 1111111111111111111111111,1111111808. .“ ¹

 

