t
11, 2,1,1 11111111 Stich 11, 2, 111, percipit 11111, V, 1122. 111111111111111111
‘ 11, 1511111111111111131111111111111,111111111111111111111111111111111
111111111111111111111111.

111111 111 11111111 1111 11111111111111,11 111 1111111111 ’111111 111-1
onam paratus ais 1111111111 11 1111111111111 1111111111 1111. - 1111011111

. 11111111 11111111. 111 licat, 1111 111111111111111 ao 1111 1111111, 11111111Ὶ

911111 (1111111111 paratus sis 1111111111.

’1. 1191. 1111111111, 1111111 111 &tto 11111111, 11111 11111111
111111 11111111, 111 11 1111111111 111 1111 11111111111111111111111111111,
111 ω. 11111111111111 1111 3111111 11111111 111 (11111111111111111111111111,
1111111. 111 cod. Paria, 111 aa (11111 111 Curculio 1111 1111111 111 1111111111
Auctor, 111 Epidicus (1111 111, 11111111 1111.11111111111111111ῡ111>11111111.
1111 11111 111 111111 111111111111111111 1111, 11111 111 Eugraphius, 111111
Andria, V, o, 11 1111111111 11 111111111111111111111, 1111111111 1111111111
1111111 1111 111111 1111111111 11111 1111111111 11111111 11 11 1111111111 111,11111 111111
1111111111 11111111111111111111111111111111111111111,111 11 1111111111 1111
, Ε1111111111111111111111111111111111111111111111111, 1111111111111111111
111111111111111111 1111111111111111111111 tce. 111111111111111111
111111111111111111 11111 1111111111 Vertat 1111111111 1111 11111 1111 neo 1111111
111111 11111 11 11111111111111111111 111 Plautus 1111 11111101111111111111111111
ἲς. 1468 1111 1111 1111111 1101111111 111 111111111111111111111111, 11111 tam to 1111.
laria: Recitator Calliopus 11111111( praet. in Trin. p. XLV), 111 cod. Paris. Vbtt 1111
111111 1110111111111111111111111, 1111 11111111 1111111, 111 111111111111111111
111111111111111101111111111 11111 1111 1111111111 111 111111111111111111111
1111111 11111111.

unaco 1211111111· 11111111111111111111111111111 11111 CV 11111111, 11
11111 et 1111 11111 111 11111111111111111110111111 11111 11111111111111
Pis 154 donoc cantor vos Plaudite 111111, 11111111 11 11111111111111111111111,
111 111 11111111 11111 gum 111111 111 11111111 1111 ,1111111111 111 1111111111
11111111111111111111Ρ11111111111111111111 tot) 1111 111111 111111
11111 dc 11111111111111111.1111111111.11111111 11111 111111, 111 1111111111
1111111111 111111111111111, 11111111 111 actor 1111 histrio 11 1111111 111, 1111 11111
1111111111 11111111 ς1111111,111 111. 111, 1, 9 111 1111 111111111111111111
11101111111111111111111111111,1111111111111111,1111111111 11111111.
39 111 111111 111111 111111 quod 1111111111 111 cavea dixit histrio (agl. 1111111,
112).111111111111111111111111111111 11111111, 111 11111111111111111111
1111111111 11111111 1111111 1111111. 11111111 111 1111111111, 111 11111111
1111111111111111111111111, praet. ιιι Trio. p XXX 1111 1111 1111111111,
1111111111111111111111111 111 1111 111 11111111 111 11111111 1111111111111
11111111111111 111111 111 1111111111111111, 111111611111111111 1111111 Vt aar

111111 aar oa 11111 11111111 1111111111 1111111111 ,
VVVVVVVVVVVVVV VVVV pantio (V V VVVVVV 'VVVV Vr tt totta 111111 11111111 111111 ’
11111111111111111111111111111 111111111111111111111111111111111

 

