-206-—2-

i
6. 363 1111 111 mii 1111111 6111111116 1111 111 1111 314. i
16. 616. 1111 11111111 1111111111 1111111111 1111, 111111 11611 111 11111111 11111, 1116111111
1111 61111111 111 11111111. .
ii. 661 1111 1111111 1111111111 uni iii 1111611.
11111 11111111111111111111111, 666 eius, 116 11111111.

31111611111111111

61131114. 111111111111111 1311111111 ie 111111 111 equidem 1111111 1111 11111 1111
1111111 11111111 iu 11111111, 11111111111161111111 111111 111 611111 1111111111 iiii: 111 &putee
1111111111 111 11111111 6111. iv, 1, 33 11111 1111111 111111. 111,1,1 1111 1111 1111111111.

611413 1111 6111111 1111 1111116111 1. 1111111111, 136 8. 11 1111 1. 111,
166 8, 13 31111111 1. 1111111111, 1161113 11111111 11111, 146 3. 13 11111 111, 166111

= 61161111. 1111111611, 1118.16116111111 1111111111. 111.

ff. 116 11. 6. 111111 111 1111111111 111 (1111111111 1. 811111 611111. &mimmii 11

6111. 8. 34 1111 11111111 eine 11111 eius, ὅ. 166 813 homunculi.

61161113. 111111 111 111 311111 efferre 161 111111 11111 1111111111, 11 1111111111
1111 1111111111 eut, 11111 111 61111111111111111. codd. 111111111111111111161111 1111111 iet: 111
1111111111 1111111111 11 11111111 111 6111111111 1111111111, 1111111111111111, 11111111
1111111111 1111 11111111 een 111. 114 in 111 1111111611.

81111111111113. 1111111 nem 1111111 11111111. 11,1,1 1111 111 1111111111 gu 11111111
mea 1111 11111. 116 11111 11111 1111 1611111111 enim. . “

ili. 3. 111. 111. niele Neque 11111 11111111 inbibit in 1111611111.

611. 111 een 1111 111111111161111111 111111111111111111 111 ire, 1111111 11111
,611111111611111 miti 1111116116111, 611111111111111611111 1111111111, inquam,
111111 inito 11111. 6111111116ὶὶ, 1111111111 111 1111111111ωεῦ61 61111, manebo? 1111111111
11111 111 111. 611111, 11111, 111 111 11111111 111 1111116111 1111111111 111111 metiti 11 iit

61111111 11111111111111111111111 111. .
· ii. 16. 111. 11111161 piletum 1111 hominem 111111,1111.1,1,16111111111 1111 mavelim,
11111116 11111111 due 111111, snei. 11116 11111111 11111111 mee, 111111, 1,31 n rem 1111111111,
11111111111111 rem, 111111111111111 1111. 111, 1, 11, 111 111 e. 1. 111 meina 1111116·
eun„ 11111 lictum 11111111 111, 1111111111 11111111 mum, 111. 11111161
cum 161. elio 111 opus, iiere. 11, 3,114111111,111116111 1111111, 11111 11, 3, 111, 111, 11116111

, 1111111 111111 111, 111 e. 1. ieie 1111 ei 1111111, ten 11111.

111. uere. 11, 111 1111 111 1. e. 11111111, 1111111111 1111111, equidem, 111
quidem, 11111111 111 11111111 111111 11111111111111111111 11111111, 11111111111111111, 111 11111111
111 1111111111 equidem 1111 111 11111111 &iiie 1111111 116111 111111. 111 1111111111 11111111 1111111
,61111111 111111111111111111111 1311111111 111 hercle 1111111111 111 11111, 1111111 menime
1111 111 een 1111 praei. in irin. p. 111 11111111111111 1111111111, 111 611111 111116111111
1111 111 (egi. 11111611111611 61111111 1111111 11111111 111111 111111 11111111 111111 11111111
Tibi 1111111. .
m. 66. 1111 11111111 11111111. 11, 11 111111 111 1111111 1111 1111111 11111111 1111111
11111111 11111 11 net 111 6111111111 11111 §ieie 11111111.
⁴ 11111111 1111111, ieie 11111111, 111111 11111 1111111111 1111111111 6611611111111111·

, 111111. Renu- iii. ι. 1664 1111 1611111111 1. 1111111111] 1111111611 11111111, 11111 1111111 111. iii
11111111 niviatenam, 1111 111 111. im Triennium, 1111111ςί111, 1111 11111111111111116111
11 111 1111111111 1111111111 1111111111, evium 111 11111111 1111111 11, 11111 111111 6111111111
61111 11111111, 111ι 1111 1111111111 derivativis, 111 1111 1111 61111 111111 1111, 111 1111111611
- ,111111111111111111 1111111111 11111111 nien, 1111116 111. 1. eiiii 11111111111111111, &iiiiii
’111 1111111, 1111 1111111111 1111 fervescere 1111 111111ιί1111 1111 petrino, 11 161116111111111111

 

